Time,TaskID,GNBID,Window,Coverage,BatchType,InputDataKB,OutputDataKB,MaxLatency,ComputationMI,WaitTime,ExecTime,NetTime,TotalTime,Status,PDCWaitingTime,SuccessFlag
0.0135,10026,3,Window_0.000,4/4,COMPLETE,8.00,50.00,2.00,1000,0.0000,0.0125,0.0000,0.0300,S,0.0037,1
0.0135,10008,6,Window_0.000,5/6,TIMEOUT,10.00,50.00,2.00,1000,0.0000,0.0125,0.0000,0.0286,S,0.0150,1
0.0135,10004,5,Window_0.000,5/5,COMPLETE,10.00,50.00,2.00,1000,0.0000,0.0125,0.0000,0.0320,S,0.0136,1
0.0135,10018,2,Window_0.000,5/5,COMPLETE,10.00,50.00,2.00,1000,0.0000,0.0125,0.0000,0.0285,S,0.0087,1
0.0135,10016,1,Window_0.000,6/6,COMPLETE,12.00,50.00,2.00,1000,0.0000,0.0125,0.0000,0.0282,S,0.0122,1
0.0135,10023,4,Window_0.000,4/4,COMPLETE,8.00,50.00,2.00,1000,0.0000,0.0125,0.0000,0.0285,S,0.0100,1
1.0135,11099,3,Window_1.000,4/4,COMPLETE,8.00,50.00,2.00,1000,0.0000,0.0125,0.0000,0.0299,S,0.0092,1
1.0135,11105,6,Window_1.000,6/6,COMPLETE,12.00,50.00,2.00,1000,0.0000,0.0125,0.0000,0.0223,S,0.0071,1
1.0135,11107,5,Window_1.000,5/5,COMPLETE,10.00,50.00,2.00,1000,0.0000,0.0125,0.0000,0.0264,S,0.0091,1
1.0135,11096,2,Window_1.000,5/5,COMPLETE,10.00,50.00,2.00,1000,0.0000,0.0125,0.0000,0.0247,S,0.0035,1
1.0135,11112,1,Window_1.000,6/6,COMPLETE,12.00,50.00,2.00,1000,0.0000,0.0125,0.0000,0.0283,S,0.0098,1
1.0135,11120,4,Window_1.000,4/4,COMPLETE,8.00,50.00,2.00,1000,0.0000,0.0125,0.0000,0.0296,S,0.0113,1
2.0135,12181,3,Window_2.000,4/4,COMPLETE,8.00,50.00,2.00,1000,0.0000,0.0125,0.0000,0.0294,S,0.0043,1
2.0135,12183,6,Window_2.000,6/6,COMPLETE,12.00,50.00,2.00,1000,0.0000,0.0125,0.0000,0.0233,S,0.0067,1
2.0135,12184,5,Window_2.000,5/5,COMPLETE,10.00,50.00,2.00,1000,0.0000,0.0125,0.0000,0.0236,S,0.0093,1
2.0135,12185,2,Window_2.000,5/5,COMPLETE,10.00,50.00,2.00,1000,0.0000,0.0125,0.0000,0.0281,S,0.0147,1
2.0135,12202,1,Window_2.000,6/6,COMPLETE,12.00,50.00,2.00,1000,0.0000,0.0125,0.0000,0.0290,S,0.0147,1
2.0135,12205,4,Window_2.000,4/4,COMPLETE,8.00,50.00,2.00,1000,0.0000,0.0125,0.0000,0.0297,S,0.0109,1
3.0135,13272,3,Window_3.000,4/4,COMPLETE,8.00,50.00,2.00,1000,0.0000,0.0125,0.0000,0.0247,S,0.0122,1
3.0135,13273,6,Window_3.000,6/6,COMPLETE,12.00,50.00,2.00,1000,0.0000,0.0125,0.0000,0.0263,S,0.0084,1
3.0135,13281,5,Window_3.000,4/5,TIMEOUT,8.00,50.00,2.00,1000,0.0000,0.0125,0.0000,0.0305,S,0.0150,1
3.0135,13283,2,Window_3.000,5/5,COMPLETE,10.00,50.00,2.00,1000,0.0000,0.0125,0.0000,0.0300,S,0.0147,1
3.0135,13280,1,Window_3.000,6/6,COMPLETE,12.00,50.00,2.00,1000,0.0000,0.0125,0.0000,0.0294,S,0.0147,1
3.0135,13300,4,Window_3.000,4/4,COMPLETE,8.00,50.00,2.00,1000,0.0000,0.0125,0.0000,0.0270,S,0.0116,1
4.0135,14369,3,Window_4.000,4/4,COMPLETE,8.00,50.00,2.00,1000,0.0000,0.0125,0.0000,0.0272,S,0.0068,1
4.0135,14381,6,Window_4.000,6/6,COMPLETE,12.00,50.00,2.00,1000,0.0000,0.0125,0.0000,0.0238,S,0.0088,1
4.0135,14377,5,Window_4.000,5/5,COMPLETE,10.00,50.00,2.00,1000,0.0000,0.0125,0.0000,0.0251,S,0.0084,1
4.0135,14378,2,Window_4.000,5/5,COMPLETE,10.00,50.00,2.00,1000,0.0000,0.0125,0.0000,0.0290,S,0.0065,1
4.0135,14376,1,Window_4.000,6/6,COMPLETE,12.00,50.00,2.00,1000,0.0000,0.0125,0.0000,0.0252,S,0.0074,1
4.0135,14387,4,Window_4.000,4/4,COMPLETE,8.00,50.00,2.00,1000,0.0000,0.0125,0.0000,0.0305,S,0.0130,1
5.0135,15451,3,Window_5.000,4/4,COMPLETE,8.00,50.00,2.00,1000,0.0000,0.0125,0.0000,0.0231,S,0.0037,1
5.0135,15458,6,Window_5.000,6/6,COMPLETE,12.00,50.00,2.00,1000,0.0000,0.0125,0.0000,0.0253,S,0.0124,1
5.0135,15479,5,Window_5.000,5/5,COMPLETE,10.00,50.00,2.00,1000,0.0000,0.0125,0.0000,0.0197,S,0.0067,1
5.0135,15468,2,Window_5.000,5/5,COMPLETE,10.00,50.00,2.00,1000,0.0000,0.0125,0.0000,0.0293,S,0.0143,1
5.0135,15472,1,Window_5.000,6/6,COMPLETE,12.00,50.00,2.00,1000,0.0000,0.0125,0.0000,0.0200,S,0.0038,1
5.0135,15477,4,Window_5.000,4/4,COMPLETE,8.00,50.00,2.00,1000,0.0000,0.0125,0.0000,0.0254,S,0.0088,1
6.0135,16541,3,Window_6.000,4/4,COMPLETE,8.00,50.00,2.00,1000,0.0000,0.0125,0.0000,0.0246,S,0.0074,1
6.0135,16543,6,Window_6.000,4/6,TIMEOUT,8.00,50.00,2.00,1000,0.0000,0.0125,0.0000,0.0294,S,0.0150,1
6.0135,16569,5,Window_6.000,5/5,COMPLETE,10.00,50.00,2.00,1000,0.0000,0.0125,0.0000,0.0314,S,0.0138,1
6.0135,16558,2,Window_6.000,5/5,COMPLETE,10.00,50.00,2.00,1000,0.0000,0.0125,0.0000,0.0241,S,0.0062,1
6.0135,16562,1,Window_6.000,6/6,COMPLETE,12.00,50.00,2.00,1000,0.0000,0.0125,0.0000,0.0280,S,0.0128,1
6.0135,16567,4,Window_6.000,4/4,COMPLETE,8.00,50.00,2.00,1000,0.0000,0.0125,0.0000,0.0292,S,0.0089,1
7.0135,17632,3,Window_7.000,4/4,COMPLETE,8.00,50.00,2.00,1000,0.0000,0.0125,0.0000,0.0235,S,0.0110,1
7.0135,17658,6,Window_7.000,5/6,TIMEOUT,10.00,50.00,2.00,1000,0.0000,0.0125,0.0000,0.0275,S,0.0150,1
7.0135,17659,5,Window_7.000,5/5,COMPLETE,10.00,50.00,2.00,1000,0.0000,0.0125,0.0000,0.0310,S,0.0150,1
7.0135,17636,2,Window_7.000,5/5,COMPLETE,10.00,50.00,2.00,1000,0.0000,0.0125,0.0000,0.0321,S,0.0109,1
7.0135,17640,1,Window_7.000,6/6,COMPLETE,12.00,50.00,2.00,1000,0.0000,0.0125,0.0000,0.0284,S,0.0129,1
7.0135,17660,4,Window_7.000,4/4,COMPLETE,8.00,50.00,2.00,1000,0.0000,0.0125,0.0000,0.0239,S,0.0041,1
8.0135,18722,3,Window_8.000,4/4,COMPLETE,8.00,50.00,2.00,1000,0.0000,0.0125,0.0000,0.0222,S,0.0090,1
8.0135,18741,6,Window_8.000,6/6,COMPLETE,12.00,50.00,2.00,1000,0.0000,0.0125,0.0000,0.0269,S,0.0134,1
8.0135,18749,5,Window_8.000,5/5,COMPLETE,10.00,50.00,2.00,1000,0.0000,0.0125,0.0000,0.0263,S,0.0138,1
8.0135,18738,2,Window_8.000,4/5,TIMEOUT,8.00,50.00,2.00,1000,0.0000,0.0125,0.0000,0.0284,S,0.0150,1
8.0135,18742,1,Window_8.000,6/6,COMPLETE,12.00,50.00,2.00,1000,0.0000,0.0125,0.0000,0.0312,S,0.0147,1
8.0135,18747,4,Window_8.000,4/4,COMPLETE,8.00,50.00,2.00,1000,0.0000,0.0125,0.0000,0.0239,S,0.0085,1
9.0135,19811,3,Window_9.000,4/4,COMPLETE,8.00,50.00,2.00,1000,0.0000,0.0125,0.0000,0.0267,S,0.0071,1
9.0135,19838,6,Window_9.000,6/6,COMPLETE,12.00,50.00,2.00,1000,0.0000,0.0125,0.0000,0.0307,S,0.0106,1
9.0135,19814,5,Window_9.000,5/5,COMPLETE,10.00,50.00,2.00,1000,0.0000,0.0125,0.0000,0.0284,S,0.0106,1
9.0135,19816,2,Window_9.000,5/5,COMPLETE,10.00,50.00,2.00,1000,0.0000,0.0125,0.0000,0.0257,S,0.0062,1
9.0135,19834,1,Window_9.000,6/6,COMPLETE,12.00,50.00,2.00,1000,0.0000,0.0125,0.0000,0.0302,S,0.0111,1
9.0135,19833,4,Window_9.000,4/4,COMPLETE,8.00,50.00,2.00,1000,0.0000,0.0125,0.0000,0.0219,S,0.0094,1
10.0135,20901,3,Window_10.000,4/4,COMPLETE,8.00,50.00,2.00,1000,0.0000,0.0125,0.0000,0.0300,S,0.0042,1
10.0135,20903,6,Window_10.000,6/6,COMPLETE,12.00,50.00,2.00,1000,0.0000,0.0125,0.0000,0.0270,S,0.0098,1
10.0135,20929,5,Window_10.000,4/5,TIMEOUT,8.00,50.00,2.00,1000,0.0000,0.0125,0.0000,0.0290,S,0.0150,1
10.0135,20906,2,Window_10.000,5/5,COMPLETE,10.00,50.00,2.00,1000,0.0000,0.0125,0.0000,0.0268,S,0.0143,1
10.0135,20907,1,Window_10.000,5/6,TIMEOUT,10.00,50.00,2.00,1000,0.0000,0.0125,0.0000,0.0295,S,0.0150,1
10.0135,20927,4,Window_10.000,3/4,TIMEOUT,6.00,50.00,2.00,1000,0.0000,0.0125,0.0000,0.0275,S,0.0150,1
11.0135,22016,3,Window_11.000,4/4,COMPLETE,8.00,50.00,2.00,1000,0.0000,0.0125,0.0000,0.0225,S,0.0065,1
11.0135,21998,6,Window_11.000,6/6,COMPLETE,12.00,50.00,2.00,1000,0.0000,0.0125,0.0000,0.0302,S,0.0112,1
11.0135,22007,5,Window_11.000,5/5,COMPLETE,10.00,50.00,2.00,1000,0.0000,0.0125,0.0000,0.0276,S,0.0120,1
11.0135,22008,2,Window_11.000,5/5,COMPLETE,10.00,50.00,2.00,1000,0.0000,0.0125,0.0000,0.0285,S,0.0111,1
11.0135,22000,1,Window_11.000,6/6,COMPLETE,12.00,50.00,2.00,1000,0.0000,0.0125,0.0000,0.0264,S,0.0079,1
11.0135,22015,4,Window_11.000,4/4,COMPLETE,8.00,50.00,2.00,1000,0.0000,0.0125,0.0000,0.0264,S,0.0100,1
12.0135,23089,3,Window_12.000,4/4,COMPLETE,8.00,50.00,2.00,1000,0.0000,0.0125,0.0000,0.0318,S,0.0140,1
12.0135,23095,6,Window_12.000,6/6,COMPLETE,12.00,50.00,2.00,1000,0.0000,0.0125,0.0000,0.0252,S,0.0071,1
12.0135,23084,5,Window_12.000,5/5,COMPLETE,10.00,50.00,2.00,1000,0.0000,0.0125,0.0000,0.0270,S,0.0089,1
12.0135,23086,2,Window_12.000,5/5,COMPLETE,10.00,50.00,2.00,1000,0.0000,0.0125,0.0000,0.0295,S,0.0120,1
12.0135,23104,1,Window_12.000,6/6,COMPLETE,12.00,50.00,2.00,1000,0.0000,0.0125,0.0000,0.0248,S,0.0069,1
12.0135,23110,4,Window_12.000,4/4,COMPLETE,8.00,50.00,2.00,1000,0.0000,0.0125,0.0000,0.0242,S,0.0080,1
13.0135,24172,3,Window_13.000,4/4,COMPLETE,8.00,50.00,2.00,1000,0.0000,0.0125,0.0000,0.0260,S,0.0069,1
13.0135,24191,6,Window_13.000,6/6,COMPLETE,12.00,50.00,2.00,1000,0.0000,0.0125,0.0000,0.0272,S,0.0110,1
13.0135,24182,5,Window_13.000,5/5,COMPLETE,10.00,50.00,2.00,1000,0.0000,0.0125,0.0000,0.0272,S,0.0068,1
13.0135,24183,2,Window_13.000,5/5,COMPLETE,10.00,50.00,2.00,1000,0.0000,0.0125,0.0000,0.0266,S,0.0141,1
13.0135,24184,1,Window_13.000,6/6,COMPLETE,12.00,50.00,2.00,1000,0.0000,0.0125,0.0000,0.0287,S,0.0132,1
13.0135,24193,4,Window_13.000,4/4,COMPLETE,8.00,50.00,2.00,1000,0.0000,0.0125,0.0000,0.0222,S,0.0052,1
14.0135,25262,3,Window_14.000,4/4,COMPLETE,8.00,50.00,2.00,1000,0.0000,0.0125,0.0000,0.0281,S,0.0094,1
14.0135,25288,6,Window_14.000,6/6,COMPLETE,12.00,50.00,2.00,1000,0.0000,0.0125,0.0000,0.0275,S,0.0115,1
14.0135,25277,5,Window_14.000,5/5,COMPLETE,10.00,50.00,2.00,1000,0.0000,0.0125,0.0000,0.0239,S,0.0073,1
14.0135,25265,2,Window_14.000,4/5,TIMEOUT,8.00,50.00,2.00,1000,0.0000,0.0125,0.0000,0.0279,S,0.0150,1
14.0135,25284,1,Window_14.000,6/6,COMPLETE,12.00,50.00,2.00,1000,0.0000,0.0125,0.0000,0.0256,S,0.0127,1
14.0135,25287,4,Window_14.000,4/4,COMPLETE,8.00,50.00,2.00,1000,0.0000,0.0125,0.0000,0.0284,S,0.0096,1
15.0135,26352,3,Window_15.000,4/4,COMPLETE,8.00,50.00,2.00,1000,0.0000,0.0125,0.0000,0.0308,S,0.0146,1
15.0135,26358,6,Window_15.000,6/6,COMPLETE,12.00,50.00,2.00,1000,0.0000,0.0125,0.0000,0.0278,S,0.0058,1
15.0135,26379,5,Window_15.000,5/5,COMPLETE,10.00,50.00,2.00,1000,0.0000,0.0125,0.0000,0.0229,S,0.0071,1
15.0135,26355,2,Window_15.000,5/5,COMPLETE,10.00,50.00,2.00,1000,0.0000,0.0125,0.0000,0.0287,S,0.0117,1
15.0135,26374,1,Window_15.000,6/6,COMPLETE,12.00,50.00,2.00,1000,0.0000,0.0125,0.0000,0.0220,S,0.0059,1
15.0135,26380,4,Window_15.000,4/4,COMPLETE,8.00,50.00,2.00,1000,0.0000,0.0125,0.0000,0.0314,S,0.0139,1
16.0135,27441,3,Window_16.000,4/4,COMPLETE,8.00,50.00,2.00,1000,0.0000,0.0125,0.0000,0.0259,S,0.0134,1
16.0135,27461,6,Window_16.000,6/6,COMPLETE,12.00,50.00,2.00,1000,0.0000,0.0125,0.0000,0.0263,S,0.0138,1
16.0135,27457,5,Window_16.000,5/5,COMPLETE,10.00,50.00,2.00,1000,0.0000,0.0125,0.0000,0.0288,S,0.0109,1
16.0135,27445,2,Window_16.000,5/5,COMPLETE,10.00,50.00,2.00,1000,0.0000,0.0125,0.0000,0.0323,S,0.0102,1
16.0135,27462,1,Window_16.000,6/6,COMPLETE,12.00,50.00,2.00,1000,0.0000,0.0125,0.0000,0.0235,S,0.0073,1
16.0135,27470,4,Window_16.000,4/4,COMPLETE,8.00,50.00,2.00,1000,0.0000,0.0125,0.0000,0.0211,S,0.0036,1
17.0135,28539,3,Window_17.000,4/4,COMPLETE,8.00,50.00,2.00,1000,0.0000,0.0125,0.0000,0.0218,S,0.0045,1
17.0135,28549,6,Window_17.000,6/6,COMPLETE,12.00,50.00,2.00,1000,0.0000,0.0125,0.0000,0.0245,S,0.0080,1
17.0135,28547,5,Window_17.000,5/5,COMPLETE,10.00,50.00,2.00,1000,0.0000,0.0125,0.0000,0.0277,S,0.0134,1
17.0135,28536,2,Window_17.000,4/5,TIMEOUT,8.00,50.00,2.00,1000,0.0000,0.0125,0.0000,0.0275,S,0.0150,1
17.0135,28544,1,Window_17.000,5/6,TIMEOUT,10.00,50.00,2.00,1000,0.0000,0.0125,0.0000,0.0280,S,0.0150,1
17.0135,28555,4,Window_17.000,4/4,COMPLETE,8.00,50.00,2.00,1000,0.0000,0.0125,0.0000,0.0270,S,0.0077,1
18.0135,29621,3,Window_18.000,4/4,COMPLETE,8.00,50.00,2.00,1000,0.0000,0.0125,0.0000,0.0336,S,0.0138,1
18.0135,29648,6,Window_18.000,6/6,COMPLETE,12.00,50.00,2.00,1000,0.0000,0.0125,0.0000,0.0294,S,0.0135,1
18.0135,29631,5,Window_18.000,5/5,COMPLETE,10.00,50.00,2.00,1000,0.0000,0.0125,0.0000,0.0287,S,0.0109,1
18.0135,29633,2,Window_18.000,5/5,COMPLETE,10.00,50.00,2.00,1000,0.0000,0.0125,0.0000,0.0287,S,0.0082,1
18.0135,29627,1,Window_18.000,5/6,TIMEOUT,10.00,50.00,2.00,1000,0.0000,0.0125,0.0000,0.0319,S,0.0150,1
18.0135,29650,4,Window_18.000,3/4,TIMEOUT,6.00,50.00,2.00,1000,0.0000,0.0125,0.0000,0.0277,S,0.0150,1
19.0135,30711,3,Window_19.000,3/4,TIMEOUT,6.00,50.00,2.00,1000,0.0000,0.0125,0.0000,0.0321,S,0.0150,1
19.0135,30731,6,Window_19.000,6/6,COMPLETE,12.00,50.00,2.00,1000,0.0000,0.0125,0.0000,0.0283,S,0.0085,1
19.0135,30727,5,Window_19.000,5/5,COMPLETE,10.00,50.00,2.00,1000,0.0000,0.0125,0.0000,0.0289,S,0.0099,1
19.0135,30723,2,Window_19.000,5/5,COMPLETE,10.00,50.00,2.00,1000,0.0000,0.0125,0.0000,0.0277,S,0.0109,1
19.0135,30734,1,Window_19.000,6/6,COMPLETE,12.00,50.00,2.00,1000,0.0000,0.0125,0.0000,0.0241,S,0.0081,1
19.0135,30737,4,Window_19.000,4/4,COMPLETE,8.00,50.00,2.00,1000,0.0000,0.0125,0.0000,0.0264,S,0.0080,1
20.0135,31826,3,Window_20.000,4/4,COMPLETE,8.00,50.00,2.00,1000,0.0000,0.0125,0.0000,0.0255,S,0.0022,1
20.0135,31815,6,Window_20.000,6/6,COMPLETE,12.00,50.00,2.00,1000,0.0000,0.0125,0.0000,0.0260,S,0.0109,1
20.0135,31804,5,Window_20.000,5/5,COMPLETE,10.00,50.00,2.00,1000,0.0000,0.0125,0.0000,0.0261,S,0.0055,1
20.0135,31805,2,Window_20.000,5/5,COMPLETE,10.00,50.00,2.00,1000,0.0000,0.0125,0.0000,0.0276,S,0.0065,1
20.0135,31824,1,Window_20.000,5/6,TIMEOUT,10.00,50.00,2.00,1000,0.0000,0.0125,0.0000,0.0285,S,0.0150,1
20.0135,31830,4,Window_20.000,4/4,COMPLETE,8.00,50.00,2.00,1000,0.0000,0.0125,0.0000,0.0251,S,0.0088,1
21.0135,32892,3,Window_21.000,4/4,COMPLETE,8.00,50.00,2.00,1000,0.0000,0.0125,0.0000,0.0267,S,0.0110,1
21.0135,32905,6,Window_21.000,6/6,COMPLETE,12.00,50.00,2.00,1000,0.0000,0.0125,0.0000,0.0266,S,0.0106,1
21.0135,32894,5,Window_21.000,5/5,COMPLETE,10.00,50.00,2.00,1000,0.0000,0.0125,0.0000,0.0259,S,0.0075,1
21.0135,32910,2,Window_21.000,5/5,COMPLETE,10.00,50.00,2.00,1000,0.0000,0.0125,0.0000,0.0304,S,0.0125,1
21.0135,32906,1,Window_21.000,6/6,COMPLETE,12.00,50.00,2.00,1000,0.0000,0.0125,0.0000,0.0260,S,0.0067,1
21.0135,32915,4,Window_21.000,4/4,COMPLETE,8.00,50.00,2.00,1000,0.0000,0.0125,0.0000,0.0270,S,0.0083,1
22.0135,33982,3,Window_22.000,4/4,COMPLETE,8.00,50.00,2.00,1000,0.0000,0.0125,0.0000,0.0182,S,0.0057,1
22.0135,33988,6,Window_22.000,5/6,TIMEOUT,10.00,50.00,2.00,1000,0.0000,0.0125,0.0000,0.0307,S,0.0150,1
22.0135,34009,5,Window_22.000,5/5,COMPLETE,10.00,50.00,2.00,1000,0.0000,0.0125,0.0000,0.0265,S,0.0108,1
22.0135,33986,2,Window_22.000,5/5,COMPLETE,10.00,50.00,2.00,1000,0.0000,0.0125,0.0000,0.0262,S,0.0117,1
22.0135,34004,1,Window_22.000,4/6,TIMEOUT,8.00,50.00,2.00,1000,0.0000,0.0125,0.0000,0.0275,S,0.0150,1
22.0135,34003,4,Window_22.000,4/4,COMPLETE,8.00,50.00,2.00,1000,0.0000,0.0125,0.0000,0.0279,S,0.0118,1
23.0135,35071,3,Window_23.000,4/4,COMPLETE,8.00,50.00,2.00,1000,0.0000,0.0125,0.0000,0.0248,S,0.0123,1
23.0135,35091,6,Window_23.000,6/6,COMPLETE,12.00,50.00,2.00,1000,0.0000,0.0125,0.0000,0.0210,S,0.0085,1
23.0135,35074,5,Window_23.000,5/5,COMPLETE,10.00,50.00,2.00,1000,0.0000,0.0125,0.0000,0.0233,S,0.0108,1
23.0135,35076,2,Window_23.000,5/5,COMPLETE,10.00,50.00,2.00,1000,0.0000,0.0125,0.0000,0.0300,S,0.0136,1
23.0135,35094,1,Window_23.000,6/6,COMPLETE,12.00,50.00,2.00,1000,0.0000,0.0125,0.0000,0.0299,S,0.0136,1
23.0135,35093,4,Window_23.000,4/4,COMPLETE,8.00,50.00,2.00,1000,0.0000,0.0125,0.0000,0.0261,S,0.0114,1
24.0135,36186,3,Window_24.000,4/4,COMPLETE,8.00,50.00,2.00,1000,0.0000,0.0125,0.0000,0.0333,S,0.0121,1
24.0135,36188,6,Window_24.000,6/6,COMPLETE,12.00,50.00,2.00,1000,0.0000,0.0125,0.0000,0.0300,S,0.0131,1
24.0135,36171,5,Window_24.000,5/5,COMPLETE,10.00,50.00,2.00,1000,0.0000,0.0125,0.0000,0.0294,S,0.0119,1
24.0135,36178,2,Window_24.000,5/5,COMPLETE,10.00,50.00,2.00,1000,0.0000,0.0125,0.0000,0.0243,S,0.0108,1
24.0135,36176,1,Window_24.000,6/6,COMPLETE,12.00,50.00,2.00,1000,0.0000,0.0125,0.0000,0.0222,S,0.0064,1
24.0135,36187,4,Window_24.000,4/4,COMPLETE,8.00,50.00,2.00,1000,0.0000,0.0125,0.0000,0.0256,S,0.0043,1
25.0135,37276,3,Window_25.000,4/4,COMPLETE,8.00,50.00,2.00,1000,0.0000,0.0125,0.0000,0.0246,S,0.0082,1
25.0135,37271,6,Window_25.000,6/6,COMPLETE,12.00,50.00,2.00,1000,0.0000,0.0125,0.0000,0.0267,S,0.0080,1
25.0135,37267,5,Window_25.000,5/5,COMPLETE,10.00,50.00,2.00,1000,0.0000,0.0125,0.0000,0.0303,S,0.0135,1
25.0135,37270,2,Window_25.000,5/5,COMPLETE,10.00,50.00,2.00,1000,0.0000,0.0125,0.0000,0.0297,S,0.0135,1
25.0135,37264,1,Window_25.000,6/6,COMPLETE,12.00,50.00,2.00,1000,0.0000,0.0125,0.0000,0.0232,S,0.0107,1
25.0135,37273,4,Window_25.000,4/4,COMPLETE,8.00,50.00,2.00,1000,0.0000,0.0125,0.0000,0.0306,S,0.0148,1
26.0135,38342,3,Window_26.000,4/4,COMPLETE,8.00,50.00,2.00,1000,0.0000,0.0125,0.0000,0.0259,S,0.0134,1
26.0135,38359,6,Window_26.000,6/6,COMPLETE,12.00,50.00,2.00,1000,0.0000,0.0125,0.0000,0.0272,S,0.0130,1
26.0135,38352,5,Window_26.000,5/5,COMPLETE,10.00,50.00,2.00,1000,0.0000,0.0125,0.0000,0.0281,S,0.0106,1
26.0135,38353,2,Window_26.000,5/5,COMPLETE,10.00,50.00,2.00,1000,0.0000,0.0125,0.0000,0.0270,S,0.0145,1
26.0135,38347,1,Window_26.000,6/6,COMPLETE,12.00,50.00,2.00,1000,0.0000,0.0125,0.0000,0.0242,S,0.0053,1
26.0135,38365,4,Window_26.000,4/4,COMPLETE,8.00,50.00,2.00,1000,0.0000,0.0125,0.0000,0.0291,S,0.0102,1
27.0135,39439,3,Window_27.000,4/4,COMPLETE,8.00,50.00,2.00,1000,0.0000,0.0125,0.0000,0.0237,S,0.0102,1
27.0135,39449,6,Window_27.000,6/6,COMPLETE,12.00,50.00,2.00,1000,0.0000,0.0125,0.0000,0.0286,S,0.0101,1
27.0135,39442,5,Window_27.000,4/5,TIMEOUT,8.00,50.00,2.00,1000,0.0000,0.0125,0.0000,0.0286,S,0.0150,1
27.0135,39435,2,Window_27.000,5/5,COMPLETE,10.00,50.00,2.00,1000,0.0000,0.0125,0.0000,0.0287,S,0.0130,1
27.0135,39437,1,Window_27.000,5/6,TIMEOUT,10.00,50.00,2.00,1000,0.0000,0.0125,0.0000,0.0323,S,0.0150,1
27.0135,39453,4,Window_27.000,4/4,COMPLETE,8.00,50.00,2.00,1000,0.0000,0.0125,0.0000,0.0263,S,0.0089,1
28.0135,40521,3,Window_28.000,4/4,COMPLETE,8.00,50.00,2.00,1000,0.0000,0.0125,0.0000,0.0274,S,0.0068,1
28.0135,40541,6,Window_28.000,5/6,TIMEOUT,10.00,50.00,2.00,1000,0.0000,0.0125,0.0000,0.0275,S,0.0150,1
28.0135,40524,5,Window_28.000,5/5,COMPLETE,10.00,50.00,2.00,1000,0.0000,0.0125,0.0000,0.0249,S,0.0077,1
28.0135,40526,2,Window_28.000,5/5,COMPLETE,10.00,50.00,2.00,1000,0.0000,0.0125,0.0000,0.0277,S,0.0132,1
28.0135,40527,1,Window_28.000,6/6,COMPLETE,12.00,50.00,2.00,1000,0.0000,0.0125,0.0000,0.0278,S,0.0102,1
28.0135,40550,4,Window_28.000,4/4,COMPLETE,8.00,50.00,2.00,1000,0.0000,0.0125,0.0000,0.0288,S,0.0109,1
29.0135,41619,3,Window_29.000,4/4,COMPLETE,8.00,50.00,2.00,1000,0.0000,0.0125,0.0000,0.0295,S,0.0085,1
29.0135,41625,6,Window_29.000,4/6,TIMEOUT,8.00,50.00,2.00,1000,0.0000,0.0125,0.0000,0.0308,S,0.0150,1
29.0135,41621,5,Window_29.000,5/5,COMPLETE,10.00,50.00,2.00,1000,0.0000,0.0125,0.0000,0.0242,S,0.0107,1
29.0135,41616,2,Window_29.000,5/5,COMPLETE,10.00,50.00,2.00,1000,0.0000,0.0125,0.0000,0.0268,S,0.0113,1
29.0135,41626,1,Window_29.000,5/6,TIMEOUT,10.00,50.00,2.00,1000,0.0000,0.0125,0.0000,0.0294,S,0.0150,1
29.0135,41635,4,Window_29.000,4/4,COMPLETE,8.00,50.00,2.00,1000,0.0000,0.0125,0.0000,0.0269,S,0.0106,1
30.0135,42726,3,Window_30.000,4/4,COMPLETE,8.00,50.00,2.00,1000,0.0000,0.0125,0.0000,0.0299,S,0.0117,1
30.0135,42728,6,Window_30.000,6/6,COMPLETE,12.00,50.00,2.00,1000,0.0000,0.0125,0.0000,0.0300,S,0.0120,1
30.0135,42712,5,Window_30.000,4/5,TIMEOUT,8.00,50.00,2.00,1000,0.0000,0.0125,0.0000,0.0277,S,0.0150,1
30.0135,42720,2,Window_30.000,5/5,COMPLETE,10.00,50.00,2.00,1000,0.0000,0.0125,0.0000,0.0264,S,0.0139,1
30.0135,42724,1,Window_30.000,6/6,COMPLETE,12.00,50.00,2.00,1000,0.0000,0.0125,0.0000,0.0295,S,0.0114,1
30.0135,42727,4,Window_30.000,4/4,COMPLETE,8.00,50.00,2.00,1000,0.0000,0.0125,0.0000,0.0281,S,0.0032,1
31.0135,43791,3,Window_31.000,4/4,COMPLETE,8.00,50.00,2.00,1000,0.0000,0.0125,0.0000,0.0194,S,0.0058,1
31.0135,43805,6,Window_31.000,6/6,COMPLETE,12.00,50.00,2.00,1000,0.0000,0.0125,0.0000,0.0258,S,0.0118,1
31.0135,43807,5,Window_31.000,5/5,COMPLETE,10.00,50.00,2.00,1000,0.0000,0.0125,0.0000,0.0268,S,0.0143,1
31.0135,43795,2,Window_31.000,5/5,COMPLETE,10.00,50.00,2.00,1000,0.0000,0.0125,0.0000,0.0298,S,0.0143,1
31.0135,43800,1,Window_31.000,6/6,COMPLETE,12.00,50.00,2.00,1000,0.0000,0.0125,0.0000,0.0291,S,0.0126,1
31.0135,43815,4,Window_31.000,4/4,COMPLETE,8.00,50.00,2.00,1000,0.0000,0.0125,0.0000,0.0271,S,0.0041,1
32.0135,44889,3,Window_32.000,4/4,COMPLETE,8.00,50.00,2.00,1000,0.0000,0.0125,0.0000,0.0344,S,0.0122,1
32.0135,44901,6,Window_32.000,5/6,TIMEOUT,10.00,50.00,2.00,1000,0.0000,0.0125,0.0000,0.0275,S,0.0150,1
32.0135,44891,5,Window_32.000,5/5,COMPLETE,10.00,50.00,2.00,1000,0.0000,0.0125,0.0000,0.0281,S,0.0096,1
32.0135,44900,2,Window_32.000,5/5,COMPLETE,10.00,50.00,2.00,1000,0.0000,0.0125,0.0000,0.0256,S,0.0127,1
32.0135,44904,1,Window_32.000,6/6,COMPLETE,12.00,50.00,2.00,1000,0.0000,0.0125,0.0000,0.0268,S,0.0143,1
32.0135,44903,4,Window_32.000,3/4,TIMEOUT,6.00,50.00,2.00,1000,0.0000,0.0125,0.0000,0.0275,S,0.0150,1
33.0135,45971,3,Window_33.000,4/4,COMPLETE,8.00,50.00,2.00,1000,0.0000,0.0125,0.0000,0.0254,S,0.0076,1
33.0135,45998,6,Window_33.000,6/6,COMPLETE,12.00,50.00,2.00,1000,0.0000,0.0125,0.0000,0.0293,S,0.0086,1
33.0135,45981,5,Window_33.000,5/5,COMPLETE,10.00,50.00,2.00,1000,0.0000,0.0125,0.0000,0.0266,S,0.0107,1
33.0135,45983,2,Window_33.000,5/5,COMPLETE,10.00,50.00,2.00,1000,0.0000,0.0125,0.0000,0.0289,S,0.0057,1
33.0135,45984,1,Window_33.000,5/6,TIMEOUT,10.00,50.00,2.00,1000,0.0000,0.0125,0.0000,0.0275,S,0.0150,1
33.0135,45993,4,Window_33.000,4/4,COMPLETE,8.00,50.00,2.00,1000,0.0000,0.0125,0.0000,0.0258,S,0.0107,1
34.0135,47061,3,Window_34.000,4/4,COMPLETE,8.00,50.00,2.00,1000,0.0000,0.0125,0.0000,0.0212,S,0.0087,1
34.0135,47081,6,Window_34.000,6/6,COMPLETE,12.00,50.00,2.00,1000,0.0000,0.0125,0.0000,0.0259,S,0.0134,1
34.0135,47072,5,Window_34.000,5/5,COMPLETE,10.00,50.00,2.00,1000,0.0000,0.0125,0.0000,0.0297,S,0.0065,1
34.0135,47066,2,Window_34.000,5/5,COMPLETE,10.00,50.00,2.00,1000,0.0000,0.0125,0.0000,0.0257,S,0.0110,1
34.0135,47084,1,Window_34.000,6/6,COMPLETE,12.00,50.00,2.00,1000,0.0000,0.0125,0.0000,0.0285,S,0.0102,1
34.0135,47090,4,Window_34.000,4/4,COMPLETE,8.00,50.00,2.00,1000,0.0000,0.0125,0.0000,0.0191,S,0.0029,1
35.0135,48176,3,Window_35.000,3/4,TIMEOUT,6.00,50.00,2.00,1000,0.0000,0.0125,0.0000,0.0312,S,0.0150,1
35.0135,48165,6,Window_35.000,5/6,TIMEOUT,10.00,50.00,2.00,1000,0.0000,0.0125,0.0000,0.0293,S,0.0150,1
35.0135,48154,5,Window_35.000,5/5,COMPLETE,10.00,50.00,2.00,1000,0.0000,0.0125,0.0000,0.0247,S,0.0114,1
35.0135,48170,2,Window_35.000,5/5,COMPLETE,10.00,50.00,2.00,1000,0.0000,0.0125,0.0000,0.0271,S,0.0106,1
35.0135,48160,1,Window_35.000,5/6,TIMEOUT,10.00,50.00,2.00,1000,0.0000,0.0125,0.0000,0.0275,S,0.0150,1
35.0135,48175,4,Window_35.000,3/4,TIMEOUT,6.00,50.00,2.00,1000,0.0000,0.0125,0.0000,0.0275,S,0.0150,1
36.0135,49241,3,Window_36.000,4/4,COMPLETE,8.00,50.00,2.00,1000,0.0000,0.0125,0.0000,0.0260,S,0.0135,1
36.0135,49248,6,Window_36.000,5/6,TIMEOUT,10.00,50.00,2.00,1000,0.0000,0.0125,0.0000,0.0275,S,0.0150,1
36.0135,49244,5,Window_36.000,5/5,COMPLETE,10.00,50.00,2.00,1000,0.0000,0.0125,0.0000,0.0275,S,0.0111,1
36.0135,49245,2,Window_36.000,5/5,COMPLETE,10.00,50.00,2.00,1000,0.0000,0.0125,0.0000,0.0244,S,0.0063,1
36.0135,49247,1,Window_36.000,6/6,COMPLETE,12.00,50.00,2.00,1000,0.0000,0.0125,0.0000,0.0274,S,0.0135,1
36.0135,49265,4,Window_36.000,4/4,COMPLETE,8.00,50.00,2.00,1000,0.0000,0.0125,0.0000,0.0275,S,0.0079,1
37.0135,50331,3,Window_37.000,4/4,COMPLETE,8.00,50.00,2.00,1000,0.0000,0.0125,0.0000,0.0177,S,0.0052,1
37.0135,50351,6,Window_37.000,6/6,COMPLETE,12.00,50.00,2.00,1000,0.0000,0.0125,0.0000,0.0284,S,0.0062,1
37.0135,50341,5,Window_37.000,5/5,COMPLETE,10.00,50.00,2.00,1000,0.0000,0.0125,0.0000,0.0284,S,0.0108,1
37.0135,50336,2,Window_37.000,5/5,COMPLETE,10.00,50.00,2.00,1000,0.0000,0.0125,0.0000,0.0277,S,0.0078,1
37.0135,50346,1,Window_37.000,6/6,COMPLETE,12.00,50.00,2.00,1000,0.0000,0.0125,0.0000,0.0293,S,0.0134,1
37.0135,50355,4,Window_37.000,4/4,COMPLETE,8.00,50.00,2.00,1000,0.0000,0.0125,0.0000,0.0283,S,0.0112,1
38.0135,51422,3,Window_38.000,4/4,COMPLETE,8.00,50.00,2.00,1000,0.0000,0.0125,0.0000,0.0252,S,0.0094,1
38.0135,51435,6,Window_38.000,5/6,TIMEOUT,10.00,50.00,2.00,1000,0.0000,0.0125,0.0000,0.0275,S,0.0150,1
38.0135,51431,5,Window_38.000,5/5,COMPLETE,10.00,50.00,2.00,1000,0.0000,0.0125,0.0000,0.0273,S,0.0102,1
38.0135,51426,2,Window_38.000,5/5,COMPLETE,10.00,50.00,2.00,1000,0.0000,0.0125,0.0000,0.0243,S,0.0104,1
38.0135,51436,1,Window_38.000,6/6,COMPLETE,12.00,50.00,2.00,1000,0.0000,0.0125,0.0000,0.0270,S,0.0145,1
38.0135,51447,4,Window_38.000,4/4,COMPLETE,8.00,50.00,2.00,1000,0.0000,0.0125,0.0000,0.0240,S,0.0094,1
39.0135,52511,3,Window_39.000,4/4,COMPLETE,8.00,50.00,2.00,1000,0.0000,0.0125,0.0000,0.0287,S,0.0061,1
39.0135,52529,6,Window_39.000,6/6,COMPLETE,12.00,50.00,2.00,1000,0.0000,0.0125,0.0000,0.0298,S,0.0147,1
39.0135,52539,5,Window_39.000,5/5,COMPLETE,10.00,50.00,2.00,1000,0.0000,0.0125,0.0000,0.0275,S,0.0108,1
39.0135,52530,2,Window_39.000,5/5,COMPLETE,10.00,50.00,2.00,1000,0.0000,0.0125,0.0000,0.0301,S,0.0115,1
39.0135,52517,1,Window_39.000,6/6,COMPLETE,12.00,50.00,2.00,1000,0.0000,0.0125,0.0000,0.0301,S,0.0146,1
39.0135,52533,4,Window_39.000,4/4,COMPLETE,8.00,50.00,2.00,1000,0.0000,0.0125,0.0000,0.0272,S,0.0136,1
40.0135,53601,3,Window_40.000,4/4,COMPLETE,8.00,50.00,2.00,1000,0.0000,0.0125,0.0000,0.0230,S,0.0082,1
40.0135,53603,6,Window_40.000,6/6,COMPLETE,12.00,50.00,2.00,1000,0.0000,0.0125,0.0000,0.0252,S,0.0060,1
40.0135,53611,5,Window_40.000,5/5,COMPLETE,10.00,50.00,2.00,1000,0.0000,0.0125,0.0000,0.0300,S,0.0133,1
40.0135,53605,2,Window_40.000,5/5,COMPLETE,10.00,50.00,2.00,1000,0.0000,0.0125,0.0000,0.0257,S,0.0131,1
40.0135,53622,1,Window_40.000,5/6,TIMEOUT,10.00,50.00,2.00,1000,0.0000,0.0125,0.0000,0.0280,S,0.0150,1
40.0135,53623,4,Window_40.000,4/4,COMPLETE,8.00,50.00,2.00,1000,0.0000,0.0125,0.0000,0.0281,S,0.0084,1
41.0135,54699,3,Window_41.000,4/4,COMPLETE,8.00,50.00,2.00,1000,0.0000,0.0125,0.0000,0.0249,S,0.0089,1
41.0135,54693,6,Window_41.000,6/6,COMPLETE,12.00,50.00,2.00,1000,0.0000,0.0125,0.0000,0.0207,S,0.0077,1
41.0135,54719,5,Window_41.000,5/5,COMPLETE,10.00,50.00,2.00,1000,0.0000,0.0125,0.0000,0.0275,S,0.0108,1
41.0135,54696,2,Window_41.000,5/5,COMPLETE,10.00,50.00,2.00,1000,0.0000,0.0125,0.0000,0.0288,S,0.0056,1
41.0135,54706,1,Window_41.000,6/6,COMPLETE,12.00,50.00,2.00,1000,0.0000,0.0125,0.0000,0.0329,S,0.0146,1
41.0135,54713,4,Window_41.000,4/4,COMPLETE,8.00,50.00,2.00,1000,0.0000,0.0125,0.0000,0.0227,S,0.0102,1
42.0135,55789,3,Window_42.000,4/4,COMPLETE,8.00,50.00,2.00,1000,0.0000,0.0125,0.0000,0.0267,S,0.0138,1
42.0135,55795,6,Window_42.000,6/6,COMPLETE,12.00,50.00,2.00,1000,0.0000,0.0125,0.0000,0.0277,S,0.0137,1
42.0135,55784,5,Window_42.000,5/5,COMPLETE,10.00,50.00,2.00,1000,0.0000,0.0125,0.0000,0.0297,S,0.0119,1
42.0135,55786,2,Window_42.000,5/5,COMPLETE,10.00,50.00,2.00,1000,0.0000,0.0125,0.0000,0.0314,S,0.0075,1
42.0135,55790,1,Window_42.000,5/6,TIMEOUT,10.00,50.00,2.00,1000,0.0000,0.0125,0.0000,0.0284,S,0.0150,1
42.0135,55807,4,Window_42.000,4/4,COMPLETE,8.00,50.00,2.00,1000,0.0000,0.0125,0.0000,0.0199,S,0.0036,1
43.0135,56879,3,Window_43.000,4/4,COMPLETE,8.00,50.00,2.00,1000,0.0000,0.0125,0.0000,0.0188,S,0.0033,1
43.0135,56873,6,Window_43.000,6/6,COMPLETE,12.00,50.00,2.00,1000,0.0000,0.0125,0.0000,0.0275,S,0.0083,1
43.0135,56899,5,Window_43.000,5/5,COMPLETE,10.00,50.00,2.00,1000,0.0000,0.0125,0.0000,0.0265,S,0.0126,1
43.0135,56890,2,Window_43.000,4/5,TIMEOUT,8.00,50.00,2.00,1000,0.0000,0.0125,0.0000,0.0294,S,0.0150,1
43.0135,56877,1,Window_43.000,5/6,TIMEOUT,10.00,50.00,2.00,1000,0.0000,0.0125,0.0000,0.0332,S,0.0150,1
43.0135,56897,4,Window_43.000,3/4,TIMEOUT,6.00,50.00,2.00,1000,0.0000,0.0125,0.0000,0.0304,S,0.0150,1
44.0135,57961,3,Window_44.000,3/4,TIMEOUT,6.00,50.00,2.00,1000,0.0000,0.0125,0.0000,0.0316,S,0.0150,1
44.0135,57979,6,Window_44.000,6/6,COMPLETE,12.00,50.00,2.00,1000,0.0000,0.0125,0.0000,0.0268,S,0.0143,1
44.0135,57972,5,Window_44.000,5/5,COMPLETE,10.00,50.00,2.00,1000,0.0000,0.0125,0.0000,0.0284,S,0.0069,1
44.0135,57973,2,Window_44.000,5/5,COMPLETE,10.00,50.00,2.00,1000,0.0000,0.0125,0.0000,0.0219,S,0.0059,1
44.0135,57974,1,Window_44.000,6/6,COMPLETE,12.00,50.00,2.00,1000,0.0000,0.0125,0.0000,0.0300,S,0.0131,1
44.0135,57990,4,Window_44.000,4/4,COMPLETE,8.00,50.00,2.00,1000,0.0000,0.0125,0.0000,0.0223,S,0.0058,1
45.0135,59059,3,Window_45.000,4/4,COMPLETE,8.00,50.00,2.00,1000,0.0000,0.0125,0.0000,0.0291,S,0.0126,1
45.0135,59071,6,Window_45.000,6/6,COMPLETE,12.00,50.00,2.00,1000,0.0000,0.0125,0.0000,0.0276,S,0.0103,1
45.0135,59061,5,Window_45.000,5/5,COMPLETE,10.00,50.00,2.00,1000,0.0000,0.0125,0.0000,0.0228,S,0.0054,1
45.0135,59070,2,Window_45.000,5/5,COMPLETE,10.00,50.00,2.00,1000,0.0000,0.0125,0.0000,0.0287,S,0.0108,1
45.0135,59074,1,Window_45.000,6/6,COMPLETE,12.00,50.00,2.00,1000,0.0000,0.0125,0.0000,0.0217,S,0.0019,1
45.0135,59077,4,Window_45.000,4/4,COMPLETE,8.00,50.00,2.00,1000,0.0000,0.0125,0.0000,0.0259,S,0.0080,1
46.0135,60141,3,Window_46.000,4/4,COMPLETE,8.00,50.00,2.00,1000,0.0000,0.0125,0.0000,0.0244,S,0.0115,1
46.0135,60168,6,Window_46.000,6/6,COMPLETE,12.00,50.00,2.00,1000,0.0000,0.0125,0.0000,0.0263,S,0.0092,1
46.0135,60169,5,Window_46.000,5/5,COMPLETE,10.00,50.00,2.00,1000,0.0000,0.0125,0.0000,0.0289,S,0.0120,1
46.0135,60153,2,Window_46.000,5/5,COMPLETE,10.00,50.00,2.00,1000,0.0000,0.0125,0.0000,0.0284,S,0.0064,1
46.0135,60147,1,Window_46.000,6/6,COMPLETE,12.00,50.00,2.00,1000,0.0000,0.0125,0.0000,0.0303,S,0.0138,1
46.0135,60167,4,Window_46.000,4/4,COMPLETE,8.00,50.00,2.00,1000,0.0000,0.0125,0.0000,0.0281,S,0.0117,1
47.0135,61256,3,Window_47.000,3/4,TIMEOUT,6.00,50.00,2.00,1000,0.0000,0.0125,0.0000,0.0275,S,0.0150,1
47.0135,61251,6,Window_47.000,6/6,COMPLETE,12.00,50.00,2.00,1000,0.0000,0.0125,0.0000,0.0256,S,0.0106,1
47.0135,61247,5,Window_47.000,4/5,TIMEOUT,8.00,50.00,2.00,1000,0.0000,0.0125,0.0000,0.0275,S,0.0150,1
47.0135,61250,2,Window_47.000,5/5,COMPLETE,10.00,50.00,2.00,1000,0.0000,0.0125,0.0000,0.0300,S,0.0114,1
47.0135,61244,1,Window_47.000,5/6,TIMEOUT,10.00,50.00,2.00,1000,0.0000,0.0125,0.0000,0.0362,S,0.0150,1
47.0135,61260,4,Window_47.000,4/4,COMPLETE,8.00,50.00,2.00,1000,0.0000,0.0125,0.0000,0.0243,S,0.0116,1
48.0135,62322,3,Window_48.000,3/4,TIMEOUT,6.00,50.00,2.00,1000,0.0000,0.0125,0.0000,0.0285,S,0.0150,1
48.0135,62328,6,Window_48.000,5/6,TIMEOUT,10.00,50.00,2.00,1000,0.0000,0.0125,0.0000,0.0327,S,0.0150,1
48.0135,62324,5,Window_48.000,5/5,COMPLETE,10.00,50.00,2.00,1000,0.0000,0.0125,0.0000,0.0259,S,0.0110,1
48.0135,62338,2,Window_48.000,5/5,COMPLETE,10.00,50.00,2.00,1000,0.0000,0.0125,0.0000,0.0231,S,0.0063,1
48.0135,62342,1,Window_48.000,6/6,COMPLETE,12.00,50.00,2.00,1000,0.0000,0.0125,0.0000,0.0263,S,0.0075,1
48.0135,62343,4,Window_48.000,4/4,COMPLETE,8.00,50.00,2.00,1000,0.0000,0.0125,0.0000,0.0231,S,0.0025,1
49.0135,63411,3,Window_49.000,4/4,COMPLETE,8.00,50.00,2.00,1000,0.0000,0.0125,0.0000,0.0288,S,0.0109,1
49.0135,63429,6,Window_49.000,5/6,TIMEOUT,10.00,50.00,2.00,1000,0.0000,0.0125,0.0000,0.0308,S,0.0150,1
49.0135,63439,5,Window_49.000,4/5,TIMEOUT,8.00,50.00,2.00,1000,0.0000,0.0125,0.0000,0.0307,S,0.0150,1
49.0135,63423,2,Window_49.000,4/5,TIMEOUT,8.00,50.00,2.00,1000,0.0000,0.0125,0.0000,0.0308,S,0.0150,1
49.0135,63426,1,Window_49.000,6/6,COMPLETE,12.00,50.00,2.00,1000,0.0000,0.0125,0.0000,0.0288,S,0.0119,1
49.0135,63433,4,Window_49.000,4/4,COMPLETE,8.00,50.00,2.00,1000,0.0000,0.0125,0.0000,0.0242,S,0.0117,1
50.0135,64509,3,Window_50.000,4/4,COMPLETE,8.00,50.00,2.00,1000,0.0000,0.0125,0.0000,0.0232,S,0.0105,1
50.0135,64515,6,Window_50.000,6/6,COMPLETE,12.00,50.00,2.00,1000,0.0000,0.0125,0.0000,0.0273,S,0.0065,1
50.0135,64517,5,Window_50.000,4/5,TIMEOUT,8.00,50.00,2.00,1000,0.0000,0.0125,0.0000,0.0275,S,0.0150,1
50.0135,64506,2,Window_50.000,5/5,COMPLETE,10.00,50.00,2.00,1000,0.0000,0.0125,0.0000,0.0245,S,0.0118,1
50.0135,64510,1,Window_50.000,6/6,COMPLETE,12.00,50.00,2.00,1000,0.0000,0.0125,0.0000,0.0293,S,0.0109,1
50.0135,64525,4,Window_50.000,4/4,COMPLETE,8.00,50.00,2.00,1000,0.0000,0.0125,0.0000,0.0238,S,0.0090,1
51.0135,65591,3,Window_51.000,4/4,COMPLETE,8.00,50.00,2.00,1000,0.0000,0.0125,0.0000,0.0250,S,0.0087,1
51.0135,65611,6,Window_51.000,6/6,COMPLETE,12.00,50.00,2.00,1000,0.0000,0.0125,0.0000,0.0288,S,0.0139,1
51.0135,65607,5,Window_51.000,5/5,COMPLETE,10.00,50.00,2.00,1000,0.0000,0.0125,0.0000,0.0224,S,0.0082,1
51.0135,65608,2,Window_51.000,5/5,COMPLETE,10.00,50.00,2.00,1000,0.0000,0.0125,0.0000,0.0191,S,0.0066,1
51.0135,65604,1,Window_51.000,6/6,COMPLETE,12.00,50.00,2.00,1000,0.0000,0.0125,0.0000,0.0290,S,0.0117,1
51.0135,65617,4,Window_51.000,4/4,COMPLETE,8.00,50.00,2.00,1000,0.0000,0.0125,0.0000,0.0256,S,0.0061,1
52.0135,66681,3,Window_52.000,4/4,COMPLETE,8.00,50.00,2.00,1000,0.0000,0.0125,0.0000,0.0280,S,0.0075,1
52.0135,66695,6,Window_52.000,6/6,COMPLETE,12.00,50.00,2.00,1000,0.0000,0.0125,0.0000,0.0286,S,0.0138,1
52.0135,66691,5,Window_52.000,5/5,COMPLETE,10.00,50.00,2.00,1000,0.0000,0.0125,0.0000,0.0268,S,0.0093,1
52.0135,66700,2,Window_52.000,5/5,COMPLETE,10.00,50.00,2.00,1000,0.0000,0.0125,0.0000,0.0246,S,0.0066,1
52.0135,66690,1,Window_52.000,6/6,COMPLETE,12.00,50.00,2.00,1000,0.0000,0.0125,0.0000,0.0280,S,0.0111,1
52.0135,66705,4,Window_52.000,4/4,COMPLETE,8.00,50.00,2.00,1000,0.0000,0.0125,0.0000,0.0271,S,0.0119,1
53.0135,67779,3,Window_53.000,3/4,TIMEOUT,6.00,50.00,2.00,1000,0.0000,0.0125,0.0000,0.0310,S,0.0150,1
53.0135,67785,6,Window_53.000,6/6,COMPLETE,12.00,50.00,2.00,1000,0.0000,0.0125,0.0000,0.0258,S,0.0133,1
53.0135,67787,5,Window_53.000,4/5,TIMEOUT,8.00,50.00,2.00,1000,0.0000,0.0125,0.0000,0.0279,S,0.0150,1
53.0135,67788,2,Window_53.000,4/5,TIMEOUT,8.00,50.00,2.00,1000,0.0000,0.0125,0.0000,0.0275,S,0.0150,1
53.0135,67794,1,Window_53.000,6/6,COMPLETE,12.00,50.00,2.00,1000,0.0000,0.0125,0.0000,0.0230,S,0.0105,1
53.0135,67795,4,Window_53.000,4/4,COMPLETE,8.00,50.00,2.00,1000,0.0000,0.0125,0.0000,0.0251,S,0.0090,1
54.0135,68886,3,Window_54.000,4/4,COMPLETE,8.00,50.00,2.00,1000,0.0000,0.0125,0.0000,0.0248,S,0.0056,1
54.0135,68888,6,Window_54.000,6/6,COMPLETE,12.00,50.00,2.00,1000,0.0000,0.0125,0.0000,0.0273,S,0.0148,1
54.0135,68864,5,Window_54.000,5/5,COMPLETE,10.00,50.00,2.00,1000,0.0000,0.0125,0.0000,0.0230,S,0.0074,1
54.0135,68873,2,Window_54.000,5/5,COMPLETE,10.00,50.00,2.00,1000,0.0000,0.0125,0.0000,0.0302,S,0.0106,1
54.0135,68867,1,Window_54.000,6/6,COMPLETE,12.00,50.00,2.00,1000,0.0000,0.0125,0.0000,0.0246,S,0.0073,1
54.0135,68887,4,Window_54.000,4/4,COMPLETE,8.00,50.00,2.00,1000,0.0000,0.0125,0.0000,0.0273,S,0.0069,1
55.0135,69951,3,Window_55.000,3/4,TIMEOUT,6.00,50.00,2.00,1000,0.0000,0.0125,0.0000,0.0300,S,0.0150,1
55.0135,69978,6,Window_55.000,6/6,COMPLETE,12.00,50.00,2.00,1000,0.0000,0.0125,0.0000,0.0284,S,0.0094,1
55.0135,69967,5,Window_55.000,4/5,TIMEOUT,8.00,50.00,2.00,1000,0.0000,0.0125,0.0000,0.0275,S,0.0150,1
55.0135,69970,2,Window_55.000,5/5,COMPLETE,10.00,50.00,2.00,1000,0.0000,0.0125,0.0000,0.0287,S,0.0129,1
55.0135,69964,1,Window_55.000,6/6,COMPLETE,12.00,50.00,2.00,1000,0.0000,0.0125,0.0000,0.0247,S,0.0097,1
55.0135,69977,4,Window_55.000,4/4,COMPLETE,8.00,50.00,2.00,1000,0.0000,0.0125,0.0000,0.0298,S,0.0118,1
56.0135,71066,3,Window_56.000,4/4,COMPLETE,8.00,50.00,2.00,1000,0.0000,0.0125,0.0000,0.0224,S,0.0060,1
56.0135,71043,6,Window_56.000,6/6,COMPLETE,12.00,50.00,2.00,1000,0.0000,0.0125,0.0000,0.0280,S,0.0119,1
56.0135,71051,5,Window_56.000,5/5,COMPLETE,10.00,50.00,2.00,1000,0.0000,0.0125,0.0000,0.0281,S,0.0104,1
56.0135,71058,2,Window_56.000,5/5,COMPLETE,10.00,50.00,2.00,1000,0.0000,0.0125,0.0000,0.0283,S,0.0124,1
56.0135,71062,1,Window_56.000,6/6,COMPLETE,12.00,50.00,2.00,1000,0.0000,0.0125,0.0000,0.0318,S,0.0146,1
56.0135,71063,4,Window_56.000,4/4,COMPLETE,8.00,50.00,2.00,1000,0.0000,0.0125,0.0000,0.0272,S,0.0113,1
57.0135,72139,3,Window_57.000,4/4,COMPLETE,8.00,50.00,2.00,1000,0.0000,0.0125,0.0000,0.0208,S,0.0072,1
57.0135,72151,6,Window_57.000,6/6,COMPLETE,12.00,50.00,2.00,1000,0.0000,0.0125,0.0000,0.0274,S,0.0149,1
57.0135,72141,5,Window_57.000,4/5,TIMEOUT,8.00,50.00,2.00,1000,0.0000,0.0125,0.0000,0.0275,S,0.0150,1
57.0135,72150,2,Window_57.000,3/5,TIMEOUT,6.00,50.00,2.00,1000,0.0000,0.0125,0.0000,0.0275,S,0.0150,1
57.0135,72146,1,Window_57.000,6/6,COMPLETE,12.00,50.00,2.00,1000,0.0000,0.0125,0.0000,0.0299,S,0.0142,1
57.0135,72155,4,Window_57.000,3/4,TIMEOUT,6.00,50.00,2.00,1000,0.0000,0.0125,0.0000,0.0307,S,0.0150,1
58.0135,73221,3,Window_58.000,3/4,TIMEOUT,6.00,50.00,2.00,1000,0.0000,0.0125,0.0000,0.0314,S,0.0150,1
58.0135,73248,6,Window_58.000,6/6,COMPLETE,12.00,50.00,2.00,1000,0.0000,0.0125,0.0000,0.0248,S,0.0061,1
58.0135,73224,5,Window_58.000,5/5,COMPLETE,10.00,50.00,2.00,1000,0.0000,0.0125,0.0000,0.0274,S,0.0071,1
58.0135,73225,2,Window_58.000,5/5,COMPLETE,10.00,50.00,2.00,1000,0.0000,0.0125,0.0000,0.0274,S,0.0086,1
58.0135,73236,1,Window_58.000,6/6,COMPLETE,12.00,50.00,2.00,1000,0.0000,0.0125,0.0000,0.0286,S,0.0119,1
58.0135,73245,4,Window_58.000,4/4,COMPLETE,8.00,50.00,2.00,1000,0.0000,0.0125,0.0000,0.0242,S,0.0068,1
59.0135,74336,3,Window_59.000,2/4,TIMEOUT,4.00,50.00,2.00,1000,0.0000,0.0125,0.0000,0.0303,S,0.0150,1
59.0135,74329,6,Window_59.000,6/6,COMPLETE,12.00,50.00,2.00,1000,0.0000,0.0125,0.0000,0.0288,S,0.0103,1
59.0135,74321,5,Window_59.000,5/5,COMPLETE,10.00,50.00,2.00,1000,0.0000,0.0125,0.0000,0.0297,S,0.0141,1
59.0135,74328,2,Window_59.000,5/5,COMPLETE,10.00,50.00,2.00,1000,0.0000,0.0125,0.0000,0.0243,S,0.0082,1
59.0135,74326,1,Window_59.000,3/6,TIMEOUT,6.00,50.00,2.00,1000,0.0000,0.0125,0.0000,0.0277,S,0.0150,1
59.0135,74340,4,Window_59.000,3/4,TIMEOUT,6.00,50.00,2.00,1000,0.0000,0.0125,0.0000,0.0289,S,0.0150,1
60.0135,75401,3,Window_60.000,3/4,TIMEOUT,6.00,50.00,2.00,1000,0.0000,0.0125,0.0000,0.0285,S,0.0150,1
60.0135,75403,6,Window_60.000,6/6,COMPLETE,12.00,50.00,2.00,1000,0.0000,0.0125,0.0000,0.0271,S,0.0113,1
60.0135,75404,5,Window_60.000,5/5,COMPLETE,10.00,50.00,2.00,1000,0.0000,0.0125,0.0000,0.0284,S,0.0080,1
60.0135,75406,2,Window_60.000,5/5,COMPLETE,10.00,50.00,2.00,1000,0.0000,0.0125,0.0000,0.0301,S,0.0138,1
60.0135,75410,1,Window_60.000,5/6,TIMEOUT,10.00,50.00,2.00,1000,0.0000,0.0125,0.0000,0.0292,S,0.0150,1
60.0135,75427,4,Window_60.000,4/4,COMPLETE,8.00,50.00,2.00,1000,0.0000,0.0125,0.0000,0.0284,S,0.0113,1
61.0135,76516,3,Window_61.000,4/4,COMPLETE,8.00,50.00,2.00,1000,0.0000,0.0125,0.0000,0.0236,S,0.0033,1
61.0135,76505,6,Window_61.000,6/6,COMPLETE,12.00,50.00,2.00,1000,0.0000,0.0125,0.0000,0.0322,S,0.0145,1
61.0135,76494,5,Window_61.000,5/5,COMPLETE,10.00,50.00,2.00,1000,0.0000,0.0125,0.0000,0.0248,S,0.0123,1
61.0135,76503,2,Window_61.000,5/5,COMPLETE,10.00,50.00,2.00,1000,0.0000,0.0125,0.0000,0.0267,S,0.0077,1
61.0135,76500,1,Window_61.000,6/6,COMPLETE,12.00,50.00,2.00,1000,0.0000,0.0125,0.0000,0.0238,S,0.0086,1
61.0135,76513,4,Window_61.000,4/4,COMPLETE,8.00,50.00,2.00,1000,0.0000,0.0125,0.0000,0.0229,S,0.0092,1
62.0135,77582,3,Window_62.000,4/4,COMPLETE,8.00,50.00,2.00,1000,0.0000,0.0125,0.0000,0.0229,S,0.0048,1
62.0135,77601,6,Window_62.000,6/6,COMPLETE,12.00,50.00,2.00,1000,0.0000,0.0125,0.0000,0.0308,S,0.0098,1
62.0135,77597,5,Window_62.000,5/5,COMPLETE,10.00,50.00,2.00,1000,0.0000,0.0125,0.0000,0.0300,S,0.0098,1
62.0135,77598,2,Window_62.000,4/5,TIMEOUT,8.00,50.00,2.00,1000,0.0000,0.0125,0.0000,0.0315,S,0.0150,1
62.0135,77590,1,Window_62.000,6/6,COMPLETE,12.00,50.00,2.00,1000,0.0000,0.0125,0.0000,0.0258,S,0.0110,1
62.0135,77605,4,Window_62.000,4/4,COMPLETE,8.00,50.00,2.00,1000,0.0000,0.0125,0.0000,0.0249,S,0.0124,1
63.0135,78672,3,Window_63.000,4/4,COMPLETE,8.00,50.00,2.00,1000,0.0000,0.0125,0.0000,0.0304,S,0.0085,1
63.0135,78678,6,Window_63.000,5/6,TIMEOUT,10.00,50.00,2.00,1000,0.0000,0.0125,0.0000,0.0296,S,0.0150,1
63.0135,78682,5,Window_63.000,5/5,COMPLETE,10.00,50.00,2.00,1000,0.0000,0.0125,0.0000,0.0265,S,0.0140,1
63.0135,78690,2,Window_63.000,5/5,COMPLETE,10.00,50.00,2.00,1000,0.0000,0.0125,0.0000,0.0322,S,0.0098,1
63.0135,78677,1,Window_63.000,6/6,COMPLETE,12.00,50.00,2.00,1000,0.0000,0.0125,0.0000,0.0265,S,0.0106,1
63.0135,78700,4,Window_63.000,4/4,COMPLETE,8.00,50.00,2.00,1000,0.0000,0.0125,0.0000,0.0240,S,0.0115,1
64.0135,79762,3,Window_64.000,3/4,TIMEOUT,6.00,50.00,2.00,1000,0.0000,0.0125,0.0000,0.0304,S,0.0150,1
64.0135,79788,6,Window_64.000,6/6,COMPLETE,12.00,50.00,2.00,1000,0.0000,0.0125,0.0000,0.0264,S,0.0063,1
64.0135,79777,5,Window_64.000,4/5,TIMEOUT,8.00,50.00,2.00,1000,0.0000,0.0125,0.0000,0.0290,S,0.0150,1
64.0135,79766,2,Window_64.000,5/5,COMPLETE,10.00,50.00,2.00,1000,0.0000,0.0125,0.0000,0.0259,S,0.0107,1
64.0135,79776,1,Window_64.000,6/6,COMPLETE,12.00,50.00,2.00,1000,0.0000,0.0125,0.0000,0.0288,S,0.0127,1
64.0135,79790,4,Window_64.000,4/4,COMPLETE,8.00,50.00,2.00,1000,0.0000,0.0125,0.0000,0.0251,S,0.0073,1
65.0135,80851,3,Window_65.000,4/4,COMPLETE,8.00,50.00,2.00,1000,0.0000,0.0125,0.0000,0.0207,S,0.0082,1
65.0135,80865,6,Window_65.000,5/6,TIMEOUT,10.00,50.00,2.00,1000,0.0000,0.0125,0.0000,0.0306,S,0.0150,1
65.0135,80862,5,Window_65.000,5/5,COMPLETE,10.00,50.00,2.00,1000,0.0000,0.0125,0.0000,0.0286,S,0.0135,1
65.0135,80870,2,Window_65.000,4/5,TIMEOUT,8.00,50.00,2.00,1000,0.0000,0.0125,0.0000,0.0294,S,0.0150,1
65.0135,80866,1,Window_65.000,6/6,COMPLETE,12.00,50.00,2.00,1000,0.0000,0.0125,0.0000,0.0296,S,0.0110,1
65.0135,80875,4,Window_65.000,4/4,COMPLETE,8.00,50.00,2.00,1000,0.0000,0.0125,0.0000,0.0230,S,0.0087,1
66.0135,81941,3,Window_66.000,4/4,COMPLETE,8.00,50.00,2.00,1000,0.0000,0.0125,0.0000,0.0234,S,0.0031,1
66.0135,81968,6,Window_66.000,6/6,COMPLETE,12.00,50.00,2.00,1000,0.0000,0.0125,0.0000,0.0259,S,0.0065,1
66.0135,81944,5,Window_66.000,4/5,TIMEOUT,8.00,50.00,2.00,1000,0.0000,0.0125,0.0000,0.0275,S,0.0150,1
66.0135,81953,2,Window_66.000,5/5,COMPLETE,10.00,50.00,2.00,1000,0.0000,0.0125,0.0000,0.0248,S,0.0035,1
66.0135,81947,1,Window_66.000,5/6,TIMEOUT,10.00,50.00,2.00,1000,0.0000,0.0125,0.0000,0.0281,S,0.0150,1
66.0135,81970,4,Window_66.000,4/4,COMPLETE,8.00,50.00,2.00,1000,0.0000,0.0125,0.0000,0.0212,S,0.0038,1
67.0135,83056,3,Window_67.000,4/4,COMPLETE,8.00,50.00,2.00,1000,0.0000,0.0125,0.0000,0.0284,S,0.0094,1
67.0135,83058,6,Window_67.000,6/6,COMPLETE,12.00,50.00,2.00,1000,0.0000,0.0125,0.0000,0.0231,S,0.0072,1
67.0135,83042,5,Window_67.000,5/5,COMPLETE,10.00,50.00,2.00,1000,0.0000,0.0125,0.0000,0.0309,S,0.0090,1
67.0135,83050,2,Window_67.000,5/5,COMPLETE,10.00,50.00,2.00,1000,0.0000,0.0125,0.0000,0.0252,S,0.0127,1
67.0135,83037,1,Window_67.000,5/6,TIMEOUT,10.00,50.00,2.00,1000,0.0000,0.0125,0.0000,0.0275,S,0.0150,1
67.0135,83055,4,Window_67.000,4/4,COMPLETE,8.00,50.00,2.00,1000,0.0000,0.0125,0.0000,0.0240,S,0.0049,1
68.0135,84129,3,Window_68.000,4/4,COMPLETE,8.00,50.00,2.00,1000,0.0000,0.0125,0.0000,0.0311,S,0.0129,1
68.0135,84128,6,Window_68.000,6/6,COMPLETE,12.00,50.00,2.00,1000,0.0000,0.0125,0.0000,0.0261,S,0.0136,1
68.0135,84124,5,Window_68.000,5/5,COMPLETE,10.00,50.00,2.00,1000,0.0000,0.0125,0.0000,0.0290,S,0.0079,1
68.0135,84140,2,Window_68.000,5/5,COMPLETE,10.00,50.00,2.00,1000,0.0000,0.0125,0.0000,0.0282,S,0.0105,1
68.0135,84134,1,Window_68.000,6/6,COMPLETE,12.00,50.00,2.00,1000,0.0000,0.0125,0.0000,0.0293,S,0.0108,1
68.0135,84150,4,Window_68.000,4/4,COMPLETE,8.00,50.00,2.00,1000,0.0000,0.0125,0.0000,0.0256,S,0.0020,1
69.0135,85211,3,Window_69.000,4/4,COMPLETE,8.00,50.00,2.00,1000,0.0000,0.0125,0.0000,0.0235,S,0.0110,1
69.0135,85225,6,Window_69.000,6/6,COMPLETE,12.00,50.00,2.00,1000,0.0000,0.0125,0.0000,0.0246,S,0.0095,1
69.0135,85222,5,Window_69.000,5/5,COMPLETE,10.00,50.00,2.00,1000,0.0000,0.0125,0.0000,0.0251,S,0.0037,1
69.0135,85230,2,Window_69.000,5/5,COMPLETE,10.00,50.00,2.00,1000,0.0000,0.0125,0.0000,0.0266,S,0.0081,1
69.0135,85224,1,Window_69.000,6/6,COMPLETE,12.00,50.00,2.00,1000,0.0000,0.0125,0.0000,0.0248,S,0.0071,1
69.0135,85233,4,Window_69.000,4/4,COMPLETE,8.00,50.00,2.00,1000,0.0000,0.0125,0.0000,0.0296,S,0.0097,1
70.0135,86302,3,Window_70.000,4/4,COMPLETE,8.00,50.00,2.00,1000,0.0000,0.0125,0.0000,0.0285,S,0.0037,1
70.0135,86319,6,Window_70.000,6/6,COMPLETE,12.00,50.00,2.00,1000,0.0000,0.0125,0.0000,0.0293,S,0.0120,1
70.0135,86304,5,Window_70.000,4/5,TIMEOUT,8.00,50.00,2.00,1000,0.0000,0.0125,0.0000,0.0302,S,0.0150,1
70.0135,86313,2,Window_70.000,5/5,COMPLETE,10.00,50.00,2.00,1000,0.0000,0.0125,0.0000,0.0287,S,0.0129,1
70.0135,86307,1,Window_70.000,6/6,COMPLETE,12.00,50.00,2.00,1000,0.0000,0.0125,0.0000,0.0214,S,0.0089,1
70.0135,86323,4,Window_70.000,4/4,COMPLETE,8.00,50.00,2.00,1000,0.0000,0.0125,0.0000,0.0225,S,0.0026,1
71.0135,87391,3,Window_71.000,4/4,COMPLETE,8.00,50.00,2.00,1000,0.0000,0.0125,0.0000,0.0268,S,0.0067,1
71.0135,87411,6,Window_71.000,6/6,COMPLETE,12.00,50.00,2.00,1000,0.0000,0.0125,0.0000,0.0301,S,0.0099,1
71.0135,87394,5,Window_71.000,5/5,COMPLETE,10.00,50.00,2.00,1000,0.0000,0.0125,0.0000,0.0265,S,0.0140,1
71.0135,87396,2,Window_71.000,5/5,COMPLETE,10.00,50.00,2.00,1000,0.0000,0.0125,0.0000,0.0303,S,0.0098,1
71.0135,87412,1,Window_71.000,6/6,COMPLETE,12.00,50.00,2.00,1000,0.0000,0.0125,0.0000,0.0295,S,0.0048,1
71.0135,87413,4,Window_71.000,4/4,COMPLETE,8.00,50.00,2.00,1000,0.0000,0.0125,0.0000,0.0291,S,0.0131,1
72.0135,88482,3,Window_72.000,3/4,TIMEOUT,6.00,50.00,2.00,1000,0.0000,0.0125,0.0000,0.0275,S,0.0150,1
72.0135,88501,6,Window_72.000,4/6,TIMEOUT,8.00,50.00,2.00,1000,0.0000,0.0125,0.0000,0.0275,S,0.0150,1
72.0135,88497,5,Window_72.000,5/5,COMPLETE,10.00,50.00,2.00,1000,0.0000,0.0125,0.0000,0.0253,S,0.0055,1
72.0135,88485,2,Window_72.000,5/5,COMPLETE,10.00,50.00,2.00,1000,0.0000,0.0125,0.0000,0.0293,S,0.0111,1
72.0135,88494,1,Window_72.000,6/6,COMPLETE,12.00,50.00,2.00,1000,0.0000,0.0125,0.0000,0.0279,S,0.0098,1
72.0135,88510,4,Window_72.000,4/4,COMPLETE,8.00,50.00,2.00,1000,0.0000,0.0125,0.0000,0.0311,S,0.0102,1
73.0135,89579,3,Window_73.000,4/4,COMPLETE,8.00,50.00,2.00,1000,0.0000,0.0125,0.0000,0.0200,S,0.0075,1
73.0135,89598,6,Window_73.000,6/6,COMPLETE,12.00,50.00,2.00,1000,0.0000,0.0125,0.0000,0.0277,S,0.0083,1
73.0135,89599,5,Window_73.000,4/5,TIMEOUT,8.00,50.00,2.00,1000,0.0000,0.0125,0.0000,0.0294,S,0.0150,1
73.0135,89576,2,Window_73.000,5/5,COMPLETE,10.00,50.00,2.00,1000,0.0000,0.0125,0.0000,0.0234,S,0.0061,1
73.0135,89586,1,Window_73.000,6/6,COMPLETE,12.00,50.00,2.00,1000,0.0000,0.0125,0.0000,0.0273,S,0.0120,1
73.0135,89597,4,Window_73.000,4/4,COMPLETE,8.00,50.00,2.00,1000,0.0000,0.0125,0.0000,0.0288,S,0.0077,1
74.0135,90686,3,Window_74.000,4/4,COMPLETE,8.00,50.00,2.00,1000,0.0000,0.0125,0.0000,0.0331,S,0.0140,1
74.0135,90668,6,Window_74.000,6/6,COMPLETE,12.00,50.00,2.00,1000,0.0000,0.0125,0.0000,0.0261,S,0.0136,1
74.0135,90672,5,Window_74.000,5/5,COMPLETE,10.00,50.00,2.00,1000,0.0000,0.0125,0.0000,0.0224,S,0.0093,1
74.0135,90665,2,Window_74.000,5/5,COMPLETE,10.00,50.00,2.00,1000,0.0000,0.0125,0.0000,0.0251,S,0.0126,1
74.0135,90676,1,Window_74.000,6/6,COMPLETE,12.00,50.00,2.00,1000,0.0000,0.0125,0.0000,0.0326,S,0.0133,1
74.0135,90687,4,Window_74.000,3/4,TIMEOUT,6.00,50.00,2.00,1000,0.0000,0.0125,0.0000,0.0298,S,0.0150,1
75.0135,91759,3,Window_75.000,4/4,COMPLETE,8.00,50.00,2.00,1000,0.0000,0.0125,0.0000,0.0266,S,0.0112,1
75.0135,91769,6,Window_75.000,6/6,COMPLETE,12.00,50.00,2.00,1000,0.0000,0.0125,0.0000,0.0245,S,0.0120,1
75.0135,91761,5,Window_75.000,5/5,COMPLETE,10.00,50.00,2.00,1000,0.0000,0.0125,0.0000,0.0215,S,0.0090,1
75.0135,91756,2,Window_75.000,5/5,COMPLETE,10.00,50.00,2.00,1000,0.0000,0.0125,0.0000,0.0227,S,0.0049,1
75.0135,91764,1,Window_75.000,5/6,TIMEOUT,10.00,50.00,2.00,1000,0.0000,0.0125,0.0000,0.0292,S,0.0150,1
75.0135,91773,4,Window_75.000,4/4,COMPLETE,8.00,50.00,2.00,1000,0.0000,0.0125,0.0000,0.0261,S,0.0117,1
76.0135,92866,3,Window_76.000,3/4,TIMEOUT,6.00,50.00,2.00,1000,0.0000,0.0125,0.0000,0.0275,S,0.0150,1
76.0135,92843,6,Window_76.000,6/6,COMPLETE,12.00,50.00,2.00,1000,0.0000,0.0125,0.0000,0.0226,S,0.0081,1
76.0135,92857,5,Window_76.000,4/5,TIMEOUT,8.00,50.00,2.00,1000,0.0000,0.0125,0.0000,0.0275,S,0.0150,1
76.0135,92858,2,Window_76.000,4/5,TIMEOUT,8.00,50.00,2.00,1000,0.0000,0.0125,0.0000,0.0310,S,0.0150,1
76.0135,92862,1,Window_76.000,6/6,COMPLETE,12.00,50.00,2.00,1000,0.0000,0.0125,0.0000,0.0243,S,0.0046,1
76.0135,92863,4,Window_76.000,4/4,COMPLETE,8.00,50.00,2.00,1000,0.0000,0.0125,0.0000,0.0278,S,0.0048,1
77.0135,93931,3,Window_77.000,4/4,COMPLETE,8.00,50.00,2.00,1000,0.0000,0.0125,0.0000,0.0253,S,0.0074,1
77.0135,93949,6,Window_77.000,5/6,TIMEOUT,10.00,50.00,2.00,1000,0.0000,0.0125,0.0000,0.0275,S,0.0150,1
77.0135,93947,5,Window_77.000,5/5,COMPLETE,10.00,50.00,2.00,1000,0.0000,0.0125,0.0000,0.0232,S,0.0043,1
77.0135,93943,2,Window_77.000,5/5,COMPLETE,10.00,50.00,2.00,1000,0.0000,0.0125,0.0000,0.0249,S,0.0087,1
77.0135,93940,1,Window_77.000,5/6,TIMEOUT,10.00,50.00,2.00,1000,0.0000,0.0125,0.0000,0.0275,S,0.0150,1
77.0135,93955,4,Window_77.000,4/4,COMPLETE,8.00,50.00,2.00,1000,0.0000,0.0125,0.0000,0.0245,S,0.0063,1
78.0135,95046,3,Window_78.000,4/4,COMPLETE,8.00,50.00,2.00,1000,0.0000,0.0125,0.0000,0.0208,S,0.0041,1
78.0135,95028,6,Window_78.000,6/6,COMPLETE,12.00,50.00,2.00,1000,0.0000,0.0125,0.0000,0.0277,S,0.0125,1
78.0135,95024,5,Window_78.000,5/5,COMPLETE,10.00,50.00,2.00,1000,0.0000,0.0125,0.0000,0.0270,S,0.0066,1
78.0135,95033,2,Window_78.000,3/5,TIMEOUT,6.00,50.00,2.00,1000,0.0000,0.0125,0.0000,0.0275,S,0.0150,1
78.0135,95030,1,Window_78.000,6/6,COMPLETE,12.00,50.00,2.00,1000,0.0000,0.0125,0.0000,0.0271,S,0.0122,1
78.0135,95047,4,Window_78.000,3/4,TIMEOUT,6.00,50.00,2.00,1000,0.0000,0.0125,0.0000,0.0307,S,0.0150,1
79.0135,96136,3,Window_79.000,4/4,COMPLETE,8.00,50.00,2.00,1000,0.0000,0.0125,0.0000,0.0266,S,0.0094,1
79.0135,96138,6,Window_79.000,6/6,COMPLETE,12.00,50.00,2.00,1000,0.0000,0.0125,0.0000,0.0225,S,0.0043,1
79.0135,96114,5,Window_79.000,5/5,COMPLETE,10.00,50.00,2.00,1000,0.0000,0.0125,0.0000,0.0258,S,0.0095,1
79.0135,96128,2,Window_79.000,5/5,COMPLETE,10.00,50.00,2.00,1000,0.0000,0.0125,0.0000,0.0287,S,0.0115,1
79.0135,96120,1,Window_79.000,5/6,TIMEOUT,10.00,50.00,2.00,1000,0.0000,0.0125,0.0000,0.0300,S,0.0150,1
79.0135,96133,4,Window_79.000,4/4,COMPLETE,8.00,50.00,2.00,1000,0.0000,0.0125,0.0000,0.0287,S,0.0094,1
80.0135,97202,3,Window_80.000,4/4,COMPLETE,8.00,50.00,2.00,1000,0.0000,0.0125,0.0000,0.0264,S,0.0081,1
80.0135,97221,6,Window_80.000,6/6,COMPLETE,12.00,50.00,2.00,1000,0.0000,0.0125,0.0000,0.0309,S,0.0125,1
80.0135,97204,5,Window_80.000,5/5,COMPLETE,10.00,50.00,2.00,1000,0.0000,0.0125,0.0000,0.0232,S,0.0107,1
80.0135,97220,2,Window_80.000,3/5,TIMEOUT,6.00,50.00,2.00,1000,0.0000,0.0125,0.0000,0.0292,S,0.0150,1
80.0135,97224,1,Window_80.000,6/6,COMPLETE,12.00,50.00,2.00,1000,0.0000,0.0125,0.0000,0.0273,S,0.0148,1
80.0135,97227,4,Window_80.000,4/4,COMPLETE,8.00,50.00,2.00,1000,0.0000,0.0125,0.0000,0.0271,S,0.0125,1
81.0135,98316,3,Window_81.000,4/4,COMPLETE,8.00,50.00,2.00,1000,0.0000,0.0125,0.0000,0.0309,S,0.0111,1
81.0135,98293,6,Window_81.000,6/6,COMPLETE,12.00,50.00,2.00,1000,0.0000,0.0125,0.0000,0.0252,S,0.0095,1
81.0135,98301,5,Window_81.000,4/5,TIMEOUT,8.00,50.00,2.00,1000,0.0000,0.0125,0.0000,0.0286,S,0.0150,1
81.0135,98308,2,Window_81.000,5/5,COMPLETE,10.00,50.00,2.00,1000,0.0000,0.0125,0.0000,0.0223,S,0.0050,1
81.0135,98297,1,Window_81.000,5/6,TIMEOUT,10.00,50.00,2.00,1000,0.0000,0.0125,0.0000,0.0305,S,0.0150,1
81.0135,98320,4,Window_81.000,4/4,COMPLETE,8.00,50.00,2.00,1000,0.0000,0.0125,0.0000,0.0259,S,0.0088,1
82.0135,99381,3,Window_82.000,4/4,COMPLETE,8.00,50.00,2.00,1000,0.0000,0.0125,0.0000,0.0232,S,0.0107,1
82.0135,99408,6,Window_82.000,5/6,TIMEOUT,10.00,50.00,2.00,1000,0.0000,0.0125,0.0000,0.0275,S,0.0150,1
82.0135,99391,5,Window_82.000,3/5,TIMEOUT,6.00,50.00,2.00,1000,0.0000,0.0125,0.0000,0.0275,S,0.0150,1
82.0135,99400,2,Window_82.000,4/5,TIMEOUT,8.00,50.00,2.00,1000,0.0000,0.0125,0.0000,0.0275,S,0.0150,1
82.0135,99402,1,Window_82.000,6/6,COMPLETE,12.00,50.00,2.00,1000,0.0000,0.0125,0.0000,0.0279,S,0.0109,1
82.0135,99407,4,Window_82.000,4/4,COMPLETE,8.00,50.00,2.00,1000,0.0000,0.0125,0.0000,0.0246,S,0.0043,1
83.0135,100496,3,Window_83.000,4/4,COMPLETE,8.00,50.00,2.00,1000,0.0000,0.0125,0.0000,0.0188,S,0.0019,1
83.0135,100485,6,Window_83.000,6/6,COMPLETE,12.00,50.00,2.00,1000,0.0000,0.0125,0.0000,0.0287,S,0.0135,1
83.0135,100474,5,Window_83.000,5/5,COMPLETE,10.00,50.00,2.00,1000,0.0000,0.0125,0.0000,0.0278,S,0.0083,1
83.0135,100483,2,Window_83.000,5/5,COMPLETE,10.00,50.00,2.00,1000,0.0000,0.0125,0.0000,0.0256,S,0.0092,1
83.0135,100477,1,Window_83.000,6/6,COMPLETE,12.00,50.00,2.00,1000,0.0000,0.0125,0.0000,0.0240,S,0.0115,1
83.0135,100493,4,Window_83.000,4/4,COMPLETE,8.00,50.00,2.00,1000,0.0000,0.0125,0.0000,0.0259,S,0.0134,1
84.0135,101569,3,Window_84.000,4/4,COMPLETE,8.00,50.00,2.00,1000,0.0000,0.0125,0.0000,0.0293,S,0.0110,1
84.0135,101575,6,Window_84.000,6/6,COMPLETE,12.00,50.00,2.00,1000,0.0000,0.0125,0.0000,0.0231,S,0.0099,1
84.0135,101564,5,Window_84.000,5/5,COMPLETE,10.00,50.00,2.00,1000,0.0000,0.0125,0.0000,0.0302,S,0.0091,1
84.0135,101566,2,Window_84.000,4/5,TIMEOUT,8.00,50.00,2.00,1000,0.0000,0.0125,0.0000,0.0275,S,0.0150,1
84.0135,101567,1,Window_84.000,6/6,COMPLETE,12.00,50.00,2.00,1000,0.0000,0.0125,0.0000,0.0350,S,0.0142,1
84.0135,101587,4,Window_84.000,4/4,COMPLETE,8.00,50.00,2.00,1000,0.0000,0.0125,0.0000,0.0254,S,0.0026,1
85.0135,102651,3,Window_85.000,4/4,COMPLETE,8.00,50.00,2.00,1000,0.0000,0.0125,0.0000,0.0215,S,0.0090,1
85.0135,102669,6,Window_85.000,5/6,TIMEOUT,10.00,50.00,2.00,1000,0.0000,0.0125,0.0000,0.0275,S,0.0150,1
85.0135,102662,5,Window_85.000,5/5,COMPLETE,10.00,50.00,2.00,1000,0.0000,0.0125,0.0000,0.0275,S,0.0078,1
85.0135,102656,2,Window_85.000,5/5,COMPLETE,10.00,50.00,2.00,1000,0.0000,0.0125,0.0000,0.0286,S,0.0092,1
85.0135,102660,1,Window_85.000,6/6,COMPLETE,12.00,50.00,2.00,1000,0.0000,0.0125,0.0000,0.0299,S,0.0119,1
85.0135,102680,4,Window_85.000,4/4,COMPLETE,8.00,50.00,2.00,1000,0.0000,0.0125,0.0000,0.0271,S,0.0126,1
86.0135,103742,3,Window_86.000,4/4,COMPLETE,8.00,50.00,2.00,1000,0.0000,0.0125,0.0000,0.0221,S,0.0041,1
86.0135,103761,6,Window_86.000,6/6,COMPLETE,12.00,50.00,2.00,1000,0.0000,0.0125,0.0000,0.0260,S,0.0092,1
86.0135,103769,5,Window_86.000,5/5,COMPLETE,10.00,50.00,2.00,1000,0.0000,0.0125,0.0000,0.0223,S,0.0083,1
86.0135,103746,2,Window_86.000,3/5,TIMEOUT,6.00,50.00,2.00,1000,0.0000,0.0125,0.0000,0.0275,S,0.0150,1
86.0135,103754,1,Window_86.000,6/6,COMPLETE,12.00,50.00,2.00,1000,0.0000,0.0125,0.0000,0.0274,S,0.0149,1
86.0135,103763,4,Window_86.000,4/4,COMPLETE,8.00,50.00,2.00,1000,0.0000,0.0125,0.0000,0.0272,S,0.0079,1
87.0135,104832,3,Window_87.000,4/4,COMPLETE,8.00,50.00,2.00,1000,0.0000,0.0125,0.0000,0.0295,S,0.0084,1
87.0135,104849,6,Window_87.000,6/6,COMPLETE,12.00,50.00,2.00,1000,0.0000,0.0125,0.0000,0.0297,S,0.0134,1
87.0135,104842,5,Window_87.000,4/5,TIMEOUT,8.00,50.00,2.00,1000,0.0000,0.0125,0.0000,0.0310,S,0.0150,1
87.0135,104850,2,Window_87.000,5/5,COMPLETE,10.00,50.00,2.00,1000,0.0000,0.0125,0.0000,0.0314,S,0.0101,1
87.0135,104854,1,Window_87.000,5/6,TIMEOUT,10.00,50.00,2.00,1000,0.0000,0.0125,0.0000,0.0348,S,0.0150,1
87.0135,104857,4,Window_87.000,4/4,COMPLETE,8.00,50.00,2.00,1000,0.0000,0.0125,0.0000,0.0266,S,0.0127,1
88.0135,105922,3,Window_88.000,3/4,TIMEOUT,6.00,50.00,2.00,1000,0.0000,0.0125,0.0000,0.0309,S,0.0150,1
88.0135,105939,6,Window_88.000,6/6,COMPLETE,12.00,50.00,2.00,1000,0.0000,0.0125,0.0000,0.0267,S,0.0063,1
88.0135,105931,5,Window_88.000,5/5,COMPLETE,10.00,50.00,2.00,1000,0.0000,0.0125,0.0000,0.0296,S,0.0142,1
88.0135,105926,2,Window_88.000,5/5,COMPLETE,10.00,50.00,2.00,1000,0.0000,0.0125,0.0000,0.0244,S,0.0075,1
88.0135,105934,1,Window_88.000,6/6,COMPLETE,12.00,50.00,2.00,1000,0.0000,0.0125,0.0000,0.0267,S,0.0106,1
88.0135,105947,4,Window_88.000,4/4,COMPLETE,8.00,50.00,2.00,1000,0.0000,0.0125,0.0000,0.0234,S,0.0054,1
89.0135,107012,3,Window_89.000,3/4,TIMEOUT,6.00,50.00,2.00,1000,0.0000,0.0125,0.0000,0.0275,S,0.0150,1
89.0135,107029,6,Window_89.000,6/6,COMPLETE,12.00,50.00,2.00,1000,0.0000,0.0125,0.0000,0.0299,S,0.0127,1
89.0135,107027,5,Window_89.000,5/5,COMPLETE,10.00,50.00,2.00,1000,0.0000,0.0125,0.0000,0.0274,S,0.0105,1
89.0135,107015,2,Window_89.000,5/5,COMPLETE,10.00,50.00,2.00,1000,0.0000,0.0125,0.0000,0.0288,S,0.0126,1
89.0135,107026,1,Window_89.000,6/6,COMPLETE,12.00,50.00,2.00,1000,0.0000,0.0125,0.0000,0.0297,S,0.0135,1
89.0135,107035,4,Window_89.000,4/4,COMPLETE,8.00,50.00,2.00,1000,0.0000,0.0125,0.0000,0.0253,S,0.0126,1
90.0135,108102,3,Window_90.000,4/4,COMPLETE,8.00,50.00,2.00,1000,0.0000,0.0125,0.0000,0.0274,S,0.0107,1
90.0135,108128,6,Window_90.000,6/6,COMPLETE,12.00,50.00,2.00,1000,0.0000,0.0125,0.0000,0.0257,S,0.0082,1
90.0135,108129,5,Window_90.000,4/5,TIMEOUT,8.00,50.00,2.00,1000,0.0000,0.0125,0.0000,0.0315,S,0.0150,1
90.0135,108113,2,Window_90.000,5/5,COMPLETE,10.00,50.00,2.00,1000,0.0000,0.0125,0.0000,0.0275,S,0.0056,1
90.0135,108110,1,Window_90.000,4/6,TIMEOUT,8.00,50.00,2.00,1000,0.0000,0.0125,0.0000,0.0303,S,0.0150,1
90.0135,108127,4,Window_90.000,4/4,COMPLETE,8.00,50.00,2.00,1000,0.0000,0.0125,0.0000,0.0291,S,0.0109,1
91.0135,109199,3,Window_91.000,4/4,COMPLETE,8.00,50.00,2.00,1000,0.0000,0.0125,0.0000,0.0339,S,0.0145,1
91.0135,109205,6,Window_91.000,6/6,COMPLETE,12.00,50.00,2.00,1000,0.0000,0.0125,0.0000,0.0291,S,0.0119,1
91.0135,109207,5,Window_91.000,5/5,COMPLETE,10.00,50.00,2.00,1000,0.0000,0.0125,0.0000,0.0328,S,0.0144,1
91.0135,109196,2,Window_91.000,4/5,TIMEOUT,8.00,50.00,2.00,1000,0.0000,0.0125,0.0000,0.0311,S,0.0150,1
91.0135,109200,1,Window_91.000,6/6,COMPLETE,12.00,50.00,2.00,1000,0.0000,0.0125,0.0000,0.0247,S,0.0101,1
91.0135,109215,4,Window_91.000,4/4,COMPLETE,8.00,50.00,2.00,1000,0.0000,0.0125,0.0000,0.0241,S,0.0113,1
92.0135,110282,3,Window_92.000,3/4,TIMEOUT,6.00,50.00,2.00,1000,0.0000,0.0125,0.0000,0.0275,S,0.0150,1
92.0135,110301,6,Window_92.000,6/6,COMPLETE,12.00,50.00,2.00,1000,0.0000,0.0125,0.0000,0.0287,S,0.0141,1
92.0135,110309,5,Window_92.000,5/5,COMPLETE,10.00,50.00,2.00,1000,0.0000,0.0125,0.0000,0.0281,S,0.0076,1
92.0135,110293,2,Window_92.000,5/5,COMPLETE,10.00,50.00,2.00,1000,0.0000,0.0125,0.0000,0.0289,S,0.0094,1
92.0135,110290,1,Window_92.000,6/6,COMPLETE,12.00,50.00,2.00,1000,0.0000,0.0125,0.0000,0.0292,S,0.0092,1
92.0135,110310,4,Window_92.000,3/4,TIMEOUT,6.00,50.00,2.00,1000,0.0000,0.0125,0.0000,0.0275,S,0.0150,1
93.0135,111396,3,Window_93.000,4/4,COMPLETE,8.00,50.00,2.00,1000,0.0000,0.0125,0.0000,0.0259,S,0.0049,1
93.0135,111385,6,Window_93.000,6/6,COMPLETE,12.00,50.00,2.00,1000,0.0000,0.0125,0.0000,0.0290,S,0.0114,1
93.0135,111399,5,Window_93.000,5/5,COMPLETE,10.00,50.00,2.00,1000,0.0000,0.0125,0.0000,0.0252,S,0.0048,1
93.0135,111375,2,Window_93.000,5/5,COMPLETE,10.00,50.00,2.00,1000,0.0000,0.0125,0.0000,0.0319,S,0.0149,1
93.0135,111377,1,Window_93.000,6/6,COMPLETE,12.00,50.00,2.00,1000,0.0000,0.0125,0.0000,0.0257,S,0.0112,1
93.0135,111395,4,Window_93.000,4/4,COMPLETE,8.00,50.00,2.00,1000,0.0000,0.0125,0.0000,0.0328,S,0.0135,1
94.0135,112462,3,Window_94.000,4/4,COMPLETE,8.00,50.00,2.00,1000,0.0000,0.0125,0.0000,0.0254,S,0.0077,1
94.0135,112468,6,Window_94.000,6/6,COMPLETE,12.00,50.00,2.00,1000,0.0000,0.0125,0.0000,0.0305,S,0.0097,1
94.0135,112477,5,Window_94.000,5/5,COMPLETE,10.00,50.00,2.00,1000,0.0000,0.0125,0.0000,0.0248,S,0.0081,1
94.0135,112473,2,Window_94.000,5/5,COMPLETE,10.00,50.00,2.00,1000,0.0000,0.0125,0.0000,0.0272,S,0.0097,1
94.0135,112484,1,Window_94.000,6/6,COMPLETE,12.00,50.00,2.00,1000,0.0000,0.0125,0.0000,0.0283,S,0.0129,1
94.0135,112483,4,Window_94.000,3/4,TIMEOUT,6.00,50.00,2.00,1000,0.0000,0.0125,0.0000,0.0278,S,0.0150,1
95.0135,113551,3,Window_95.000,4/4,COMPLETE,8.00,50.00,2.00,1000,0.0000,0.0125,0.0000,0.0278,S,0.0100,1
95.0135,113553,6,Window_95.000,6/6,COMPLETE,12.00,50.00,2.00,1000,0.0000,0.0125,0.0000,0.0247,S,0.0060,1
95.0135,113554,5,Window_95.000,5/5,COMPLETE,10.00,50.00,2.00,1000,0.0000,0.0125,0.0000,0.0276,S,0.0122,1
95.0135,113570,2,Window_95.000,5/5,COMPLETE,10.00,50.00,2.00,1000,0.0000,0.0125,0.0000,0.0246,S,0.0120,1
95.0135,113572,1,Window_95.000,6/6,COMPLETE,12.00,50.00,2.00,1000,0.0000,0.0125,0.0000,0.0294,S,0.0085,1
95.0135,113580,4,Window_95.000,4/4,COMPLETE,8.00,50.00,2.00,1000,0.0000,0.0125,0.0000,0.0222,S,0.0073,1
96.0135,114642,3,Window_96.000,4/4,COMPLETE,8.00,50.00,2.00,1000,0.0000,0.0125,0.0000,0.0270,S,0.0124,1
96.0135,114655,6,Window_96.000,6/6,COMPLETE,12.00,50.00,2.00,1000,0.0000,0.0125,0.0000,0.0224,S,0.0099,1
96.0135,114669,5,Window_96.000,5/5,COMPLETE,10.00,50.00,2.00,1000,0.0000,0.0125,0.0000,0.0228,S,0.0058,1
96.0135,114646,2,Window_96.000,5/5,COMPLETE,10.00,50.00,2.00,1000,0.0000,0.0125,0.0000,0.0245,S,0.0120,1
96.0135,114650,1,Window_96.000,6/6,COMPLETE,12.00,50.00,2.00,1000,0.0000,0.0125,0.0000,0.0237,S,0.0080,1
96.0135,114665,4,Window_96.000,4/4,COMPLETE,8.00,50.00,2.00,1000,0.0000,0.0125,0.0000,0.0269,S,0.0088,1
97.0135,115732,3,Window_97.000,4/4,COMPLETE,8.00,50.00,2.00,1000,0.0000,0.0125,0.0000,0.0246,S,0.0088,1
97.0135,115751,6,Window_97.000,6/6,COMPLETE,12.00,50.00,2.00,1000,0.0000,0.0125,0.0000,0.0298,S,0.0135,1
97.0135,115747,5,Window_97.000,5/5,COMPLETE,10.00,50.00,2.00,1000,0.0000,0.0125,0.0000,0.0245,S,0.0072,1
97.0135,115743,2,Window_97.000,5/5,COMPLETE,10.00,50.00,2.00,1000,0.0000,0.0125,0.0000,0.0280,S,0.0121,1
97.0135,115740,1,Window_97.000,6/6,COMPLETE,12.00,50.00,2.00,1000,0.0000,0.0125,0.0000,0.0257,S,0.0108,1
97.0135,115757,4,Window_97.000,4/4,COMPLETE,8.00,50.00,2.00,1000,0.0000,0.0125,0.0000,0.0253,S,0.0056,1
98.0135,116846,3,Window_98.000,4/4,COMPLETE,8.00,50.00,2.00,1000,0.0000,0.0125,0.0000,0.0235,S,0.0048,1
98.0135,116828,6,Window_98.000,6/6,COMPLETE,12.00,50.00,2.00,1000,0.0000,0.0125,0.0000,0.0281,S,0.0134,1
98.0135,116831,5,Window_98.000,5/5,COMPLETE,10.00,50.00,2.00,1000,0.0000,0.0125,0.0000,0.0243,S,0.0118,1
98.0135,116838,2,Window_98.000,5/5,COMPLETE,10.00,50.00,2.00,1000,0.0000,0.0125,0.0000,0.0276,S,0.0097,1
98.0135,116844,1,Window_98.000,4/6,TIMEOUT,8.00,50.00,2.00,1000,0.0000,0.0125,0.0000,0.0275,S,0.0150,1
98.0135,116845,4,Window_98.000,4/4,COMPLETE,8.00,50.00,2.00,1000,0.0000,0.0125,0.0000,0.0250,S,0.0099,1
99.0135,117919,3,Window_99.000,4/4,COMPLETE,8.00,50.00,2.00,1000,0.0000,0.0125,0.0000,0.0210,S,0.0016,1
99.0135,117925,6,Window_99.000,5/6,TIMEOUT,10.00,50.00,2.00,1000,0.0000,0.0125,0.0000,0.0297,S,0.0150,1
99.0135,117927,5,Window_99.000,5/5,COMPLETE,10.00,50.00,2.00,1000,0.0000,0.0125,0.0000,0.0270,S,0.0136,1
99.0135,117930,2,Window_99.000,5/5,COMPLETE,10.00,50.00,2.00,1000,0.0000,0.0125,0.0000,0.0247,S,0.0075,1
99.0135,117920,1,Window_99.000,6/6,COMPLETE,12.00,50.00,2.00,1000,0.0000,0.0125,0.0000,0.0241,S,0.0085,1
99.0135,117937,4,Window_99.000,4/4,COMPLETE,8.00,50.00,2.00,1000,0.0000,0.0125,0.0000,0.0288,S,0.0119,1
100.0135,119026,3,Window_100.000,4/4,COMPLETE,8.00,50.00,2.00,1000,0.0000,0.0125,0.0000,0.0279,S,0.0094,1
100.0135,119008,6,Window_100.000,5/6,TIMEOUT,10.00,50.00,2.00,1000,0.0000,0.0125,0.0000,0.0282,S,0.0150,1
100.0135,119011,5,Window_100.000,4/5,TIMEOUT,8.00,50.00,2.00,1000,0.0000,0.0125,0.0000,0.0322,S,0.0150,1
100.0135,119005,2,Window_100.000,5/5,COMPLETE,10.00,50.00,2.00,1000,0.0000,0.0125,0.0000,0.0321,S,0.0145,1
100.0135,119007,1,Window_100.000,5/6,TIMEOUT,10.00,50.00,2.00,1000,0.0000,0.0125,0.0000,0.0310,S,0.0150,1
100.0135,119025,4,Window_100.000,4/4,COMPLETE,8.00,50.00,2.00,1000,0.0000,0.0125,0.0000,0.0285,S,0.0104,1
101.0135,120092,3,Window_101.000,4/4,COMPLETE,8.00,50.00,2.00,1000,0.0000,0.0125,0.0000,0.0255,S,0.0111,1
101.0135,120118,6,Window_101.000,6/6,COMPLETE,12.00,50.00,2.00,1000,0.0000,0.0125,0.0000,0.0249,S,0.0089,1
101.0135,120102,5,Window_101.000,5/5,COMPLETE,10.00,50.00,2.00,1000,0.0000,0.0125,0.0000,0.0298,S,0.0083,1
101.0135,120096,2,Window_101.000,5/5,COMPLETE,10.00,50.00,2.00,1000,0.0000,0.0125,0.0000,0.0293,S,0.0111,1
101.0135,120112,1,Window_101.000,6/6,COMPLETE,12.00,50.00,2.00,1000,0.0000,0.0125,0.0000,0.0313,S,0.0133,1
101.0135,120120,4,Window_101.000,4/4,COMPLETE,8.00,50.00,2.00,1000,0.0000,0.0125,0.0000,0.0340,S,0.0141,1
102.0135,121181,3,Window_102.000,4/4,COMPLETE,8.00,50.00,2.00,1000,0.0000,0.0125,0.0000,0.0268,S,0.0053,1
102.0135,121195,6,Window_102.000,6/6,COMPLETE,12.00,50.00,2.00,1000,0.0000,0.0125,0.0000,0.0284,S,0.0080,1
102.0135,121184,5,Window_102.000,4/5,TIMEOUT,8.00,50.00,2.00,1000,0.0000,0.0125,0.0000,0.0280,S,0.0150,1
102.0135,121193,2,Window_102.000,4/5,TIMEOUT,8.00,50.00,2.00,1000,0.0000,0.0125,0.0000,0.0321,S,0.0150,1
102.0135,121194,1,Window_102.000,6/6,COMPLETE,12.00,50.00,2.00,1000,0.0000,0.0125,0.0000,0.0305,S,0.0117,1
102.0135,121203,4,Window_102.000,4/4,COMPLETE,8.00,50.00,2.00,1000,0.0000,0.0125,0.0000,0.0283,S,0.0084,1
103.0135,122279,3,Window_103.000,4/4,COMPLETE,8.00,50.00,2.00,1000,0.0000,0.0125,0.0000,0.0268,S,0.0143,1
103.0135,122273,6,Window_103.000,6/6,COMPLETE,12.00,50.00,2.00,1000,0.0000,0.0125,0.0000,0.0293,S,0.0121,1
103.0135,122281,5,Window_103.000,4/5,TIMEOUT,8.00,50.00,2.00,1000,0.0000,0.0125,0.0000,0.0276,S,0.0150,1
103.0135,122275,2,Window_103.000,5/5,COMPLETE,10.00,50.00,2.00,1000,0.0000,0.0125,0.0000,0.0315,S,0.0104,1
103.0135,122277,1,Window_103.000,6/6,COMPLETE,12.00,50.00,2.00,1000,0.0000,0.0125,0.0000,0.0280,S,0.0139,1
103.0135,122293,4,Window_103.000,4/4,COMPLETE,8.00,50.00,2.00,1000,0.0000,0.0125,0.0000,0.0274,S,0.0051,1
104.0135,123386,3,Window_104.000,4/4,COMPLETE,8.00,50.00,2.00,1000,0.0000,0.0125,0.0000,0.0254,S,0.0065,1
104.0135,123379,6,Window_104.000,6/6,COMPLETE,12.00,50.00,2.00,1000,0.0000,0.0125,0.0000,0.0269,S,0.0097,1
104.0135,123364,5,Window_104.000,5/5,COMPLETE,10.00,50.00,2.00,1000,0.0000,0.0125,0.0000,0.0292,S,0.0089,1
104.0135,123378,2,Window_104.000,5/5,COMPLETE,10.00,50.00,2.00,1000,0.0000,0.0125,0.0000,0.0280,S,0.0079,1
104.0135,123382,1,Window_104.000,6/6,COMPLETE,12.00,50.00,2.00,1000,0.0000,0.0125,0.0000,0.0245,S,0.0065,1
104.0135,123387,4,Window_104.000,4/4,COMPLETE,8.00,50.00,2.00,1000,0.0000,0.0125,0.0000,0.0301,S,0.0145,1
105.0135,124451,3,Window_105.000,4/4,COMPLETE,8.00,50.00,2.00,1000,0.0000,0.0125,0.0000,0.0264,S,0.0060,1
105.0135,124478,6,Window_105.000,6/6,COMPLETE,12.00,50.00,2.00,1000,0.0000,0.0125,0.0000,0.0238,S,0.0073,1
105.0135,124461,5,Window_105.000,5/5,COMPLETE,10.00,50.00,2.00,1000,0.0000,0.0125,0.0000,0.0229,S,0.0024,1
105.0135,124463,2,Window_105.000,4/5,TIMEOUT,8.00,50.00,2.00,1000,0.0000,0.0125,0.0000,0.0285,S,0.0150,1
105.0135,124472,1,Window_105.000,6/6,COMPLETE,12.00,50.00,2.00,1000,0.0000,0.0125,0.0000,0.0293,S,0.0091,1
105.0135,124477,4,Window_105.000,4/4,COMPLETE,8.00,50.00,2.00,1000,0.0000,0.0125,0.0000,0.0320,S,0.0110,1
106.0135,125542,3,Window_106.000,4/4,COMPLETE,8.00,50.00,2.00,1000,0.0000,0.0125,0.0000,0.0263,S,0.0043,1
106.0135,125559,6,Window_106.000,6/6,COMPLETE,12.00,50.00,2.00,1000,0.0000,0.0125,0.0000,0.0328,S,0.0109,1
106.0135,125557,5,Window_106.000,5/5,COMPLETE,10.00,50.00,2.00,1000,0.0000,0.0125,0.0000,0.0269,S,0.0101,1
106.0135,125553,2,Window_106.000,4/5,TIMEOUT,8.00,50.00,2.00,1000,0.0000,0.0125,0.0000,0.0278,S,0.0150,1
106.0135,125564,1,Window_106.000,6/6,COMPLETE,12.00,50.00,2.00,1000,0.0000,0.0125,0.0000,0.0290,S,0.0108,1
106.0135,125565,4,Window_106.000,4/4,COMPLETE,8.00,50.00,2.00,1000,0.0000,0.0125,0.0000,0.0307,S,0.0141,1
107.0135,126632,3,Window_107.000,4/4,COMPLETE,8.00,50.00,2.00,1000,0.0000,0.0125,0.0000,0.0241,S,0.0052,1
107.0135,126658,6,Window_107.000,5/6,TIMEOUT,10.00,50.00,2.00,1000,0.0000,0.0125,0.0000,0.0286,S,0.0150,1
107.0135,126641,5,Window_107.000,5/5,COMPLETE,10.00,50.00,2.00,1000,0.0000,0.0125,0.0000,0.0295,S,0.0098,1
107.0135,126643,2,Window_107.000,5/5,COMPLETE,10.00,50.00,2.00,1000,0.0000,0.0125,0.0000,0.0293,S,0.0144,1
107.0135,126640,1,Window_107.000,6/6,COMPLETE,12.00,50.00,2.00,1000,0.0000,0.0125,0.0000,0.0290,S,0.0094,1
107.0135,126655,4,Window_107.000,4/4,COMPLETE,8.00,50.00,2.00,1000,0.0000,0.0125,0.0000,0.0278,S,0.0100,1
108.0135,127722,3,Window_108.000,4/4,COMPLETE,8.00,50.00,2.00,1000,0.0000,0.0125,0.0000,0.0317,S,0.0124,1
108.0135,127728,6,Window_108.000,6/6,COMPLETE,12.00,50.00,2.00,1000,0.0000,0.0125,0.0000,0.0250,S,0.0102,1
108.0135,127737,5,Window_108.000,5/5,COMPLETE,10.00,50.00,2.00,1000,0.0000,0.0125,0.0000,0.0273,S,0.0148,1
108.0135,127738,2,Window_108.000,5/5,COMPLETE,10.00,50.00,2.00,1000,0.0000,0.0125,0.0000,0.0240,S,0.0063,1
108.0135,127730,1,Window_108.000,6/6,COMPLETE,12.00,50.00,2.00,1000,0.0000,0.0125,0.0000,0.0256,S,0.0085,1
108.0135,127745,4,Window_108.000,4/4,COMPLETE,8.00,50.00,2.00,1000,0.0000,0.0125,0.0000,0.0232,S,0.0062,1
109.0135,128811,3,Window_109.000,4/4,COMPLETE,8.00,50.00,2.00,1000,0.0000,0.0125,0.0000,0.0250,S,0.0110,1
109.0135,128829,6,Window_109.000,6/6,COMPLETE,12.00,50.00,2.00,1000,0.0000,0.0125,0.0000,0.0241,S,0.0076,1
109.0135,128839,5,Window_109.000,5/5,COMPLETE,10.00,50.00,2.00,1000,0.0000,0.0125,0.0000,0.0272,S,0.0138,1
109.0135,128815,2,Window_109.000,4/5,TIMEOUT,8.00,50.00,2.00,1000,0.0000,0.0125,0.0000,0.0337,S,0.0150,1
109.0135,128824,1,Window_109.000,6/6,COMPLETE,12.00,50.00,2.00,1000,0.0000,0.0125,0.0000,0.0300,S,0.0111,1
109.0135,128833,4,Window_109.000,4/4,COMPLETE,8.00,50.00,2.00,1000,0.0000,0.0125,0.0000,0.0277,S,0.0126,1
110.0135,129902,3,Window_110.000,4/4,COMPLETE,8.00,50.00,2.00,1000,0.0000,0.0125,0.0000,0.0239,S,0.0114,1
110.0135,129903,6,Window_110.000,6/6,COMPLETE,12.00,50.00,2.00,1000,0.0000,0.0125,0.0000,0.0268,S,0.0079,1
110.0135,129911,5,Window_110.000,4/5,TIMEOUT,8.00,50.00,2.00,1000,0.0000,0.0125,0.0000,0.0276,S,0.0150,1
110.0135,129920,2,Window_110.000,5/5,COMPLETE,10.00,50.00,2.00,1000,0.0000,0.0125,0.0000,0.0230,S,0.0097,1
110.0135,129916,1,Window_110.000,6/6,COMPLETE,12.00,50.00,2.00,1000,0.0000,0.0125,0.0000,0.0317,S,0.0134,1
110.0135,129930,4,Window_110.000,4/4,COMPLETE,8.00,50.00,2.00,1000,0.0000,0.0125,0.0000,0.0256,S,0.0065,1
111.0135,130992,3,Window_111.000,3/4,TIMEOUT,6.00,50.00,2.00,1000,0.0000,0.0125,0.0000,0.0394,S,0.0150,1
111.0135,130998,6,Window_111.000,2/6,TIMEOUT,4.00,50.00,2.00,1000,0.0000,0.0125,0.0000,0.0378,S,0.0150,1
111.0135,130994,5,Window_111.000,1/5,TIMEOUT,2.00,50.00,2.00,1000,0.0000,0.0125,0.0000,0.0295,S,0.0150,1
111.0135,130996,2,Window_111.000,2/5,TIMEOUT,4.00,50.00,2.00,1000,0.0000,0.0125,0.0000,0.0400,S,0.0150,1
111.0135,130997,1,Window_111.000,1/6,TIMEOUT,2.00,50.00,2.00,1000,0.0000,0.0125,0.0000,0.0354,S,0.0150,1
